8, 337, 338, 
4200023, 336, 339, 337, 338, 
4200026, 336, 339, 337, 338, 
4200029, 336, 338, 338, 338, 
42000b??starting
0, 332, 340, 337, 338, 
1, 333, 341, 338, 339, 
2, 334, 340, 338, 338, 
4, 333, 340, 338, 338, 
5, 335, 339, 339, 338, 
7, 332, 339, 338, 339, 
8, 333, 339, 338, 339, 
10, 334, 339, 339, 338, 
12, 333, 338, 338, 338, 
14, 333, 338, 339, 338, 
16, 333, 338, 338, 338, 
19, 333, 338, 338, 338, 
21, 334, 337, 339, 338, 
23, 333, 338, 338, 338, 
25, 335, 338, 339, 338, 
27, 334, 337, 338, 338, 
29, 333, 336, 339, 338, 
32, 333, 336, 338, 338, 
34, 333, 337, 337, 339, 
36, 333, 338, 338, 338, 
38, 333, 338, 338, 338, 
40, 333, 339, 338, 339, 
43, 334, 340, 338, 339, 
46, 333, 340, 338, 340, 
48, 333, 339, 338, 339, 
50, 333, 338, 337, 339, 
52, 333, 340, 338, 339, 
54, 333, 341, 337, 339, 
56, 332, 342, 339, 339, 
58, 333, 341, 338, 339, 
61, 333, 341, 339, 339, 
63, 332, 340, 338, 339, 
65, 332, 340, 338, 340, 
67, 333, 340, 338, 340, 
69, 332, 339, 339, 339, 
71, 332, 339, 337, 339, 
74, 332, 337, 337, 339, 
76, 332, 339, 337, 339, 
78, 333, 340, 337, 339, 
80, 332, 339, 337, 339, 
82, 333, 339, 338, 339, 
84, 333, 339, 338, 340, 
88, 333, 339, 338, 338, 
90, 333, 338, 337, 339, 
92, 333, 340, 338, 339, 
94, 333, 339, 338, 340, 
96, 333, 339, 338, 340, 
98, 334, 340, 338, 341, 
100, 333, 339, 337, 340, 
103, 333, 339, 337, 340, 
105, 333, 339, 337, 340, 
107, 333, 340, 337, 340, 
109, 333, 340, 337, 340, 
112, 333, 340, 337, 340, 
114, 333, 339, 337, 340, 
116, 333, 338, 337, 339, 
118, 333, 337, 337, 339, 
121, 333, 337, 338, 339, 
123, 335, 336, 338, 339, 
125, 336, 336, 339, 339, 
128, 337, 337, 341, 339, 
131, 338, 336, 341, 338, 
133, 338, 335, 342, 338, 
135, 340, 334, 343, 338, 
137, 342, 333, 344, 338, 
140, 342, 332, 346, 339, 
142, 343, 332, 346, 338, 
144, 344, 332, 346, 338, 
146, 344, 330, 346, 338, 
149, 344, 331, 346, 338, 
151, 344, 331, 345, 339, 
153, 343, 331, 345, 339, 
155, 343, 331, 345, 342, 
158, 343, 332, 345, 339, 
160, 343, 333, 344, 339, 
162, 342, 334, 344, 339, 
164, 342, 333, 344, 339, 
166, 341, 334, 342, 339, 
169, 341, 334, 342, 339, 
172, 341, 334, 342, 339, 
174, 341, 335, 342, 340, 
176, 341, 335, 340, 340, 
179, 341, 336, 342, 340, 
181, 341, 337, 342, 340, 
183, 340, 338, 341, 341, 
185, 340, 338, 341, 340, 
188, 340, 339, 340, 340, 
190, 341, 339, 340, 340, 
192, 340, 338, 340, 340, 
194, 340, 338, 340, 340, 
197, 340, 338, 340, 340, 
199, 340, 338, 340, 340, 
201, 340, 338, 340, 341, 
203, 340, 337, 340, 340, 
206, 340, 338, 340, 341, 
208, 340, 338, 340, 341, 
210, 340, 337, 340, 342, 
212, 340, 337, 340, 341, 
216, 340, 337, 340, 340, 
218, 340, 337, 340, 340, 
220, 340, 338, 340, 340, 
222, 340, 337, 339, 340, 
225, 340, 337, 339, 339, 
227, 340, 337, 339, 340, 
229, 340, 337, 339, 340, 
231, 340, 339, 339, 340, 
233, 340, 339, 338, 340, 
236, 340, 339, 339, 340, 
238, 340, 339, 339, 340, 
240, 340, 339, 339, 340, 
242, 340, 339, 338, 341, 
245, 340, 339, 339, 341, 
247, 340, 338, 339, 341, 
249, 340, 338, 339, 340, 
251, 340, 338, 338, 340, 
254, 340, 338, 339, 340, 
257, 340, 338, 339, 340, 
259, 343, 338, 338, 340, 
261, 340, 338, 339, 340, 
264, 340, 338, 339, 339, 
266, 340, 338, 339, 341, 
268, 340, 339, 339, 340, 
270, 340, 339, 338, 341, 
273, 340, 340, 338, 341, 
275, 341, 341, 339, 341, 
277, 340, 340, 338, 340, 
279, 340, 340, 338, 341, 
282, 340, 340, 338, 340, 
284, 340, 340, 339, 340, 
286, 340, 340, 339, 341, 
288, 341, 340, 339, 340, 
291, 339, 340, 342, 340, 
293, 340, 339, 339, 340, 
295, 341, 339, 340, 340, 
297, 340, 338, 339, 340, 
300, 339, 337, 340, 341, 
303, 340, 337, 339, 340, 
305, 339, 337, 339, 339, 
307, 340, 337, 339, 339, 
309, 340, 337, 339, 339, 
312, 340, 337, 340, 340, 
314, 340, 336, 340, 339, 
316, 341, 335, 340, 339, 
318, 340, 335, 340, 339, 
321, 339, 336, 339, 339, 
323, 340, 336, 339, 339, 
325, 340, 337, 340, 339, 
327, 341, 342, 340, 340, 
330, 341, 345, 340, 340, 
332, 340, 348, 340, 341, 
334, 340, 345, 340, 340, 
336, 339, 342, 339, 340, 
339, 338, 341, 339, 340, 
342, 338, 340, 339, 340, 
344, 338, 339, 340, 340, 
346, 338, 338, 341, 339, 
349, 338, 336, 342, 340, 
351, 339, 336, 340, 339, 
353, 339, 335, 340, 340, 
355, 340, 334, 341, 338, 
357, 339, 335, 341, 338, 
360, 339, 333, 341, 338, 
362, 339, 333, 341, 337, 
364, 339, 332, 341, 338, 
366, 338, 332, 341, 337, 
369, 338, 332, 341, 337, 
371, 339, 331, 341, 338, 
373, 339, 331, 341, 337, 
375, 338, 331, 341, 337, 
378, 338, 331, 341, 338, 
380, 338, 331, 341, 338, 
382, 338, 332, 342, 337, 
385, 338, 331, 341, 338, 
388, 339, 331, 342, 338, 
390, 338, 332, 341, 339, 
392, 338, 332, 341, 339, 
394, 339, 332, 341, 339, 
397, 338, 332, 341, 339, 
399, 339, 333, 341, 339, 
401, 338, 332, 342, 339, 
403, 338, 333, 341, 339, 
406, 338, 333, 338, 339, 
408, 338, 333, 341, 339, 
410, 337, 333, 341, 338, 
412, 338, 333, 342, 337, 
415, 337, 334, 341, 339, 
417, 337, 334, 341, 338, 
419, 337, 334, 341, 338, 
421, 337, 334, 341, 339, 
423, 337, 334, 341, 338, 
427, 337, 335, 341, 338, 
429, 336, 335, 341, 338, 
431, 336, 335, 340, 339, 
433, 336, 335, 341, 338, 
436, 337, 336, 340, 337, 
438, 336, 335, 340, 338, 
440, 336, 336, 340, 338, 
442, 336, 336, 339, 338, 
445, 336, 336, 340, 337, 
447, 335, 337, 340, 338, 
449, 336, 337, 340, 338, 
451, 335, 336, 339, 337, 
454, 335, 337, 339, 337, 
456, 335, 337, 340, 337, 
458, 336, 337, 339, 336, 
460, 335, 337, 339, 337, 
463, 335, 337, 340, 336, 
465, 336, 337, 339, 337, 
467, 336, 337, 339, 337, 
470, 335, 337, 339, 337, 
473, 335, 337, 340, 337, 
475, 335, 337, 338, 337, 
477, 335, 338, 339, 337, 
479, 335, 338, 340, 339, 
482, 335, 338, 339, 338, 
484, 334, 339, 339, 337, 
486, 335, 338, 338, 338, 
488, 335, 339, 338, 338, 
490, 335, 339, 339, 338, 
493, 335, 339, 339, 338, 
495, 334, 339, 339, 338, 
497, 334, 339, 338, 337, 
499, 334, 339, 337, 337, 
502, 334, 339, 337, 338, 
504, 333, 340, 338, 337, 
506, 334, 339, 337, 338, 
508, 334, 339, 338, 338, 
512, 334, 339, 337, 337, 
514, 334, 339, 337, 337, 
516, 334, 339, 337, 337, 
518, 334, 338, 337, 337, 
521, 334, 338, 338, 336, 
523, 334, 339, 337, 336, 
525, 334, 338, 337, 336, 
527, 334, 338, 337, 336, 
530, 334, 338, 337, 336, 
532, 334, 337, 337, 335, 
534, 334, 337, 337, 336, 
536, 334, 338, 337, 337, 
539, 335, 338, 337, 335, 
541, 334, 339, 337, 337, 
543, 334, 339, 337, 336, 
545, 334, 339, 337, 336, 
548, 334, 340, 337, 337, 
550, 334, 340, 336, 337, 
552, 334, 340, 336, 337, 
555, 334, 340, 336, 337, 
557, 334, 340, 339, 337, 
560, 334, 340, 337, 336, 
562, 334, 340, 336, 337, 
564, 334, 340, 336, 337, 
566, 334, 340, 336, 337, 
569, 334, 340, 336, 337, 
571, 334, 340, 337, 336, 
573, 334, 340, 336, 338, 
575, 334, 340, 336, 337, 
578, 333, 340, 336, 336, 
580, 333, 339, 336, 336, 
582, 334, 339, 336, 336, 
584, 333, 339, 337, 335, 
587, 334, 338, 337, 336, 
589, 334, 338, 336, 336, 
591, 334, 337, 337, 335, 
593, 334, 337, 336, 336, 
596, 334, 338, 336, 335, 
599, 333, 338, 336, 335, 
601, 334, 337, 336, 335, 
603, 334, 337, 336, 335, 
606, 332, 337, 336, 335, 
608, 334, 337, 336, 336, 
610, 333, 338, 336, 337, 
612, 334, 338, 336, 337, 
615, 334, 338, 337, 337, 
617, 333, 338, 336, 337, 
619, 333, 339, 336, 337, 
621, 334, 340, 336, 337, 
623, 334, 338, 336, 337, 
626, 334, 339, 337, 338, 
628, 335, 340, 337, 338, 
630, 333, 339, 337, 336, 
632, 334, 338, 336, 338, 
635, 334, 338, 337, 338, 
637, 335, 339, 337, 338, 
640, 334, 339, 337, 337, 
642, 334, 339, 337, 338, 
645, 334, 339, 337, 338, 
647, 334, 339, 337, 338, 
649, 334, 338, 337, 338, 
651, 333, 338, 337, 338, 
654, 333, 338, 337, 338, 
656, 333, 338, 337, 338, 
658, 333, 338, 337, 338, 
660, 333, 338, 337, 337, 
663, 333, 338, 337, 339, 
665, 333, 338, 338, 338, 
667, 333, 338, 337, 336, 
669, 333, 337, 337, 338, 
672, 333, 338, 337, 337, 
674, 333, 337, 337, 337, 
676, 332, 337, 338, 337, 
678, 333, 337, 338, 337, 
681, 334, 337, 337, 337, 
684, 333, 337, 338, 337, 
686, 332, 336, 337, 337, 
688, 332, 337, 338, 338, 
690, 333, 337, 338, 338, 
693, 333, 337, 338, 337, 
695, 333, 340, 338, 337, 
697, 333, 340, 338, 338, 
699, 332, 339, 338, 338, 
702, 332, 338, 338, 337, 
704, 332, 338, 338, 338, 
706, 332, 337, 338, 337, 
708, 332, 338, 338, 338, 
711, 332, 337, 338, 337, 
713, 333, 337, 338, 338, 
715, 332, 336, 338, 337, 
717, 332, 336, 338, 337, 
720, 332, 336, 339, 337, 
722, 332, 336, 339, 337, 
724, 333, 335, 339, 337, 
727, 332, 335, 338, 337, 
730, 333, 335, 339, 337, 
732, 333, 335, 338, 337, 
734, 335, 335, 339, 337, 
736, 332, 335, 338, 337, 
739, 332, 334, 338, 337, 
741, 332, 335, 339, 337, 
743, 332, 335, 338, 337, 
745, 332, 335, 338, 337, 
748, 332, 334, 338, 337, 
750, 332, 337, 338, 337, 
752, 332, 334, 338, 337, 
754, 332, 335, 338, 337, 
756, 332, 335, 338, 337, 
759, 332, 334, 338, 337, 
761, 332, 335, 338, 336, 
763, 332, 335, 338, 337, 
765, 332, 335, 340, 338, 
769, 332, 336, 338, 337, 
771, 332, 336, 338, 337, 
773, 332, 336, 338, 337, 
775, 332, 336, 338, 337, 
778, 331, 336, 337, 337, 
780, 332, 337, 337, 337, 
782, 331, 336, 337, 341, 
784, 331, 337, 338, 338, 
787, 332, 336, 337, 338, 
789, 332, 336, 337, 337, 
791, 334, 337, 337, 337, 
793, 332, 335, 337, 337, 
796, 332, 336, 338, 337, 
798, 331, 336, 338, 337, 
800, 332, 336, 338, 338, 
802, 332, 336, 337, 337, 
805, 332, 336, 337, 337, 
807, 332, 336, 337, 337, 
809, 332, 336, 337, 337, 
812, 332, 336, 337, 337, 
814, 331, 336, 337, 338, 
817, 332, 336, 337, 338, 
819, 332, 336, 337, 338, 
821, 332, 336, 337, 338, 
823, 332, 336, 338, 338, 
826, 332, 336, 337, 336, 
828, 330, 335, 337, 338, 
830, 331, 336, 337, 337, 
832, 331, 336, 336, 337, 
835, 331, 335, 337, 337, 
837, 331, 334, 336, 337, 
839, 331, 334, 336, 339, 
841, 332, 333, 337, 336, 
844, 332, 332, 338, 337, 
846, 333, 332, 339, 336, 
848, 335, 330, 341, 336, 
850, 336, 329, 341, 335, 
854, 337, 328, 342, 335, 
856, 338, 328, 343, 336, 
858, 340, 327, 344, 335, 
860, 340, 327, 344, 336, 
863, 341, 328, 345, 335, 
865, 341, 328, 345, 335, 
867, 341, 327, 345, 334, 
869, 341, 329, 345, 335, 
872, 341, 328, 344, 336, 
874, 340, 329, 344, 336, 
876, 340, 330, 344, 336, 
878, 341, 331, 344, 336, 
880, 339, 331, 344, 336, 
883, 339, 331, 343, 336, 
885, 338, 332, 342, 336, 
887, 338, 332, 342, 336, 
889, 338, 332, 341, 337, 
892, 338, 333, 342, 337, 
894, 338, 333, 341, 337, 
897, 337, 333, 340, 340, 
899, 337, 333, 341, 337, 
902, 337, 333, 340, 337, 
904, 337, 333, 340, 337, 
906, 337, 333, 340, 338, 
908, 337, 334, 340, 337, 
911, 337, 334, 340, 337, 
913, 336, 335, 339, 337, 
915, 337, 335, 340, 337, 
917, 337, 335, 339, 338, 
920, 336, 335, 340, 337, 
922, 337, 335, 339, 337, 
924, 336, 336, 339, 337, 
926, 337, 336, 339, 337, 
929, 336, 335, 339, 337, 
931, 336, 335, 339, 337, 
933, 337, 336, 338, 337, 
935, 337, 336, 339, 337, 
939, 337, 336, 339, 338, 
941, 337, 335, 338, 338, 
943, 337, 336, 338, 337, 
945, 337, 336, 339, 338, 
947, 337, 336, 339, 338, 
950, 336, 337, 338, 338, 
952, 337, 336, 338, 339, 
954, 337, 336, 338, 337, 
956, 337, 336, 338, 338, 
959, 337, 339, 339, 338, 
961, 337, 337, 338, 338, 
963, 337, 337, 338, 338, 
965, 337, 337, 338, 338, 
968, 337, 337, 338, 338, 
970, 338, 337, 338, 338, 
972, 338, 336, 338, 338, 
974, 338, 337, 340, 338, 
977, 338, 336, 338, 338, 
979, 338, 337, 338, 339, 
982, 338, 337, 338, 339, 
984, 338, 336, 339, 339, 
987, 338, 338, 338, 338, 
989, 338, 337, 338, 339, 
991, 338, 337, 338, 341, 
993, 338, 337, 338, 339, 
996, 338, 337, 338, 339, 
998, 338, 337, 338, 338, 
1000, 337, 338, 337, 340, 
1002, 339, 337, 338, 339, 
1005, 338, 337, 338, 340, 
1007, 339, 338, 339, 339, 
1009, 338, 337, 339, 340, 
1012, 339, 337, 340, 339, 
1014, 339, 336, 338, 339, 
1016, 339, 336, 338, 340, 
1019, 338, 336, 338, 338, 
1021, 338, 336, 338, 338, 
1024, 338, 336, 338, 338, 
1027, 339, 336, 337, 339, 
1029, 338, 336, 338, 338, 
1031, 338, 336, 338, 338, 
1034, 339, 336, 338, 338, 
1036, 338, 336, 338, 338, 
1038, 339, 336, 338, 338, 
1041, 338, 336, 339, 339, 
1043, 339, 336, 338, 339, 
1045, 339, 336, 339, 340, 
1048, 339, 335, 338, 338, 
1050, 339, 335, 338, 338, 
1052, 338, 335, 337, 339, 
1054, 337, 336, 338, 338, 
1057, 339, 336, 338, 338, 
1059, 338, 336, 339, 338, 
1061, 339, 336, 338, 338, 
1064, 339, 335, 338, 338, 
1067, 338, 335, 338, 338, 
1069, 338, 335, 339, 337, 
1072, 340, 335, 339, 339, 
1074, 339, 336, 338, 339, 
1076, 339, 335, 339, 338, 
1079, 340, 335, 339, 338, 
1081, 340, 335, 340, 338, 
1083, 339, 335, 339, 338, 
1086, 340, 335, 340, 339, 
1088, 339, 335, 339, 339, 
1090, 339, 335, 340, 339, 
1093, 339, 335, 339, 338, 
1095, 340, 334, 340, 338, 
1097, 341, 334, 339, 338, 
1100, 340, 334, 340, 339, 
1102, 341, 334, 339, 340, 
1104, 340, 334, 340, 339, 
1107, 340, 334, 340, 339, 
1110, 340, 334, 340, 339, 
1112, 340, 335, 340, 339, 
1115, 340, 333, 341, 339, 
1117, 340, 334, 340, 338, 
1119, 341, 334, 340, 338, 
1122, 340, 335, 340, 338, 
1124, 340, 334, 340, 338, 
1126, 341, 334, 340, 339, 
1129, 340, 335, 340, 338, 
1131, 339, 335, 340, 338, 
1133, 339, 336, 340, 338, 
1136, 340, 335, 340, 338, 
1138, 339, 336, 340, 338, 
1140, 339, 336, 339, 338, 
1142, 338, 336, 339, 338, 
1145, 339, 337, 338, 338, 
1147, 340, 337, 338, 339, 
1149, 339, 337, 338, 338, 
1153, 339, 337, 338, 338, 
1155, 339, 337, 338, 343, 
1157, 338, 337, 338, 338, 
1160, 338, 339, 338, 339, 
1162, 338, 338, 338, 338, 
1164, 338, 338, 337, 338, 
1167, 338, 338, 337, 338, 
1169, 337, 338, 337, 339, 
1171, 337, 338, 340, 338, 
1174, 337, 338, 337, 338, 
1176, 337, 338, 337, 338, 
1178, 337, 339, 336, 338, 
1181, 337, 339, 336, 338, 
1183, 338, 339, 338, 337, 
1185, 337, 339, 336, 338, 
1188, 337, 342, 336, 338, 
1190, 337, 339, 336, 337, 
1192, 337, 339, 336, 338, 
1196, 338, 339, 336, 338, 
1198, 337, 339, 336, 338, 
1200, 337, 339, 336, 338, 
1203, 337, 339, 337, 337, 
1205, 339, 339, 336, 337, 
1207, 337, 339, 336, 338, 
1210, 337, 339, 336, 338, 
1212, 337, 339, 336, 337, 
1214, 337, 339, 335, 338, 
1217, 337, 338, 336, 337, 
1219, 337, 339, 335, 338, 
1221, 338, 339, 335, 338, 
1224, 338, 340, 336, 338, 
1226, 337, 340, 335, 337, 
1228, 337, 339, 336, 338, 
1230, 338, 340, 336, 337, 
1233, 338, 340, 336, 338, 
1235, 337, 339, 336, 337, 
1238, 337, 340, 335, 337, 
1241, 338, 339, 336, 337, 
1243, 338, 339, 336, 337, 
1245, 337, 339, 338, 337, 
1248, 338, 339, 336, 337, 
1250, 338, 338, 336, 337, 
1252, 338, 339, 336, 336, 
1255, 338, 337, 336, 337, 
1257, 338, 338, 336, 336, 
1259, 338, 338, 336, 336, 
1262, 338, 338, 336, 336, 
1264, 338, 338, 336, 336, 
1266, 339, 338, 336, 336, 
1269, 339, 338, 336, 336, 
1271, 339, 337, 336, 336, 
1273, 339, 337, 335, 336, 
1276, 339, 338, 336, 336, 
1278, 340, 338, 336, 336, 
1281, 340, 338, 336, 337, 
1284, 339, 338, 336, 336, 
1286, 339, 338, 336, 337, 
1288, 340, 338, 336, 336, 
1291, 340, 338, 336, 337, 
1293, 340, 338, 335, 336, 
1295, 340, 339, 336, 337, 
1298, 341, 338, 336, 336, 
1300, 340, 338, 336, 336, 
1302, 341, 338, 336, 337, 
1305, 341, 338, 336, 337, 
1307, 341, 339, 337, 336, 
1309, 341, 338, 336, 336, 
1312, 342, 337, 336, 336, 
1314, 342, 338, 337, 336, 
1316, 341, 338, 336, 337, 
1318, 342, 337, 336, 336, 
1321, 341, 337, 337, 336, 
1324, 342, 337, 337, 336, 
1326, 342, 338, 337, 336, 
1329, 342, 337, 337, 335, 
1331, 342, 336, 337, 336, 
1333, 342, 336, 337, 336, 
1336, 342, 337, 337, 336, 
1338, 342, 336, 337, 335, 
1340, 342, 336, 338, 336, 
1343, 342, 335, 337, 336, 
1345, 343, 336, 337, 337, 
1347, 342, 336, 338, 335, 
1350, 342, 336, 338, 336, 
1352, 342, 336, 337, 337, 
1354, 342, 335, 337, 336, 
1357, 343, 336, 337, 335, 
1359, 342, 336, 337, 336, 
1361, 341, 336, 337, 336, 
1364, 342, 337, 337, 337, 
1367, 341, 336, 336, 336, 
1369, 342, 336, 337, 336, 
1372, 341, 336, 337, 336, 
1374, 341, 336, 337, 336, 
1376, 341, 336, 336, 338, 
1379, 342, 336, 337, 337, 
1381, 343, 336, 337, 337, 
1383, 341, 336, 337, 337, 
1386, 341, 336, 337, 337, 
1388, 341, 336, 337, 339, 
1390, 341, 336, 337, 337, 
1393, 341, 336, 337, 338, 
1395, 341, 336, 337, 337, 
1397, 341, 336, 337, 338, 
1400, 342, 336, 336, 337, 
1402, 341, 336, 338, 339, 
1404, 341, 335, 338, 338, 
1406, 342, 336, 337, 337, 
1410, 341, 336, 338, 337, 
1412, 341, 336, 338, 337, 
1414, 342, 336, 338, 338, 
1417, 341, 335, 338, 337, 
1419, 342, 335, 337, 337, 
1421, 342, 335, 339, 337, 
1424, 341, 335, 338, 337, 
1426, 341, 335, 338, 337, 
1428, 341, 335, 339, 337, 
1431, 341, 336, 338, 338, 
1433, 342, 334, 338, 336, 
1435, 341, 335, 339, 337, 
1438, 342, 335, 339, 337, 
1440, 342, 335, 339, 338, 
1442, 341, 335, 339, 338, 
1445, 343, 334, 339, 337, 
1447, 342, 335, 339, 337, 
1449, 341, 334, 339, 338, 
1453, 342, 335, 339, 337, 
1455, 343, 334, 340, 337, 
1457, 342, 334, 339, 337, 
1460, 342, 336, 339, 338, 
1462, 341, 335, 339, 337, 
1464, 342, 335, 340, 337, 
1467, 341, 337, 339, 338, 
1469, 341, 334, 338, 337, 
1471, 341, 335, 338, 338, 
1474, 341, 335, 339, 337, 
1476, 341, 335, 339, 337, 
1478, 341, 335, 339, 338, 
1481, 341, 335, 338, 337, 
1483, 341, 336, 338, 337, 
1485, 341, 336, 338, 337, 
1488, 342, 336, 338, 337, 
1490, 341, 336, 338, 338, 
1492, 341, 336, 338, 337, 
1495, 341, 336, 338, 338, 
1498, 341, 336, 338, 338, 
1500, 340, 336, 337, 338, 
1502, 340, 336, 337, 337, 
1505, 341, 336, 338, 338, 
1507, 341, 336, 338, 336, 
1509, 341, 336, 338, 337, 
1512, 340, 337, 337, 337, 
1514, 341, 336, 336, 337, 
1516, 341, 336, 337, 338, 
1519, 340, 335, 337, 337, 
1521, 341, 336, 337, 338, 
1523, 341, 337, 338, 338, 
1526, 341, 336, 338, 338, 
1528, 341, 336, 337, 338, 
1530, 341, 336, 337, 338, 
1533, 341, 336, 337, 338, 
1536, 341, 336, 337, 338, 
1538, 341, 336, 336, 339, 
1541, 341, 337, 336, 339, 
1543, 340, 337, 336, 338, 
1545, 339, 336, 336, 338, 
1548, 340, 336, 336, 338, 
1550, 339, 335, 336, 338, 
1552, 340, 336, 336, 338, 
1555, 340, 335, 336, 338, 
1557, 341, 334, 337, 337, 
1559, 341, 333, 338, 337, 
1562, 342, 332, 339, 337, 
1564, 343, 331, 340, 337, 
1566, 344, 330, 341, 337, 
1569, 345, 328, 342, 337, 
1571, 346, 329, 342, 336, 
1573, 348, 328, 343, 336, 
1575, 348, 327, 343, 336, 
1579, 349, 327, 344, 336, 
1581, 349, 328, 345, 336, 
1583, 349, 328, 344, 336, 
1586, 348, 329, 345, 336, 
1588, 349, 330, 344, 337, 
1590, 348, 330, 343, 336, 
1593, 348, 331, 344, 337, 
1595, 347, 332, 342, 336, 
1597, 346, 333, 342, 337, 
1600, 346, 333, 341, 337, 
1602, 347, 333, 341, 337, 
1604, 346, 334, 342, 337, 
1607, 345, 335, 341, 338, 
1609, 345, 335, 341, 340, 
1611, 345, 335, 340, 337, 
1614, 344, 336, 340, 339, 
1616, 344, 336, 340, 338, 
1618, 345, 335, 339, 338, 
1622, 343, 336, 339, 338, 
1624, 343, 336, 339, 338, 
1626, 343, 336, 340, 338, 
1629, 343, 337, 339, 339, 
1631, 343, 337, 338, 338, 
1633, 342, 336, 338, 338, 
1636, 342, 337, 338, 339, 
1638, 342, 337, 338, 337, 
1640, 342, 337, 338, 339, 
1643, 342, 340, 338, 339, 
1645, 342, 339, 337, 339, 
1647, 343, 337, 337, 339, 
1650, 341, 337, 338, 339, 
1652, 341, 338, 337, 339, 
1654, 341, 339, 337, 339, 
1657, 341, 338, 337, 340, 
1659, 341, 339, 337, 339, 
1661, 340, 338, 336, 339, 
1664, 340, 339, 336, 339, 
1667, 340, 338, 336, 339, 
1669, 340, 338, 336, 339, 
1671, 340, 338, 336, 339, 
1674, 339, 338, 337, 340, 
1676, 340, 338, 337, 339, 
1678, 339, 338, 337, 339, 
1681, 339, 338, 336, 339, 
1683, 339, 338, 337, 340, 
1685, 339, 339, 337, 339, 
1688, 340, 338, 337, 340, 
1690, 339, 338, 338, 340, 
1692, 339, 338, 337, 340, 
1695, 340, 338, 337, 340, 
1697, 340, 338, 337, 339, 
1699, 339, 338, 337, 339, 
1702, 339, 337, 337, 339, 
1704, 339, 338, 337, 340, 
1707, 339, 338, 337, 340, 
1710, 340, 338, 336, 340, 
1712, 339, 338, 337, 340, 
1714, 339, 338, 337, 340, 
1717, 339, 339, 337, 340, 
1719, 339, 338, 335, 340, 
1721, 339, 339, 337, 340, 
1724, 338, 338, 337, 341, 
1726, 339, 338, 337, 340, 
1728, 338, 339, 337, 341, 
1731, 338, 338, 337, 341, 
1733, 339, 339, 337, 341, 
1735, 338, 339, 339, 341, 
1738, 338, 338, 337, 341, 
1740, 339, 339, 337, 341, 
1742, 338, 338, 337, 341, 
1745, 337, 338, 338, 340, 
1747, 338, 339, 337, 341, 
1750, 338, 339, 337, 341, 
1752, 337, 339, 337, 341, 
1755, 338, 338, 338, 340, 
1757, 337, 338, 337, 341, 
1759, 337, 338, 337, 340, 
1762, 337, 338, 337, 340, 
1764, 337, 338, 337, 341, 
1766, 338, 338, 337, 340, 
1769, 337, 337, 337, 340, 
1771, 337, 337, 337, 341, 
1773, 336, 337, 337, 340, 
1776, 337, 337, 337, 340, 
1778, 336, 337, 337, 340, 
1780, 336, 336, 337, 341, 
1783, 336, 337, 338, 340, 
1785, 336, 336, 338, 339, 
1787, 337, 336, 338, 340, 
1790, 337, 337, 338, 340, 
1793, 337, 336, 338, 339, 
1795, 337, 335, 338, 340, 
1798, 337, 336, 338, 340, 
1800, 337, 336, 338, 340, 
1802, 337, 335, 338, 340, 
1805, 337, 336, 338, 340, 
1807, 337, 336, 338, 340, 
1809, 337, 336, 337, 340, 
1812, 337, 335, 338, 340, 
1814, 337, 335, 337, 339, 
1816, 337, 335, 337, 339, 
1819, 337, 335, 337, 339, 
1821, 337, 335, 338, 339, 
1823, 337, 334, 338, 340, 
1826, 337, 334, 338, 340, 
1828, 338, 335, 338, 340, 
1830, 337, 335, 338, 340, 
1833, 337, 335, 338, 339, 
1836, 340, 334, 338, 339, 
1838, 337, 334, 338, 339, 
1840, 337, 334, 338, 339, 
1843, 336, 335, 337, 339, 
1845, 337, 334, 337, 338, 
1847, 336, 334, 337, 338, 
1850, 337, 335, 338, 338, 
1852, 337, 334, 337, 338, 
1854, 337, 334, 337, 337, 
1857, 336, 335, 337, 338, 
1859, 336, 335, 337, 338, 
1861, 336, 336, 337, 338, 
1864, 335, 336, 338, 338, 
1866, 336, 336, 337, 338, 
1868, 337, 335, 337, 338, 
1871, 337, 336, 337, 337, 
1873, 336, 336, 337, 338, 
1875, 336, 336, 336, 337, 
1879, 336, 336, 336, 337, 
1881, 336, 336, 335, 338, 
1883, 336, 336, 336, 337, 
1886, 335, 337, 336, 337, 
1888, 336, 336, 336, 336, 
1890, 336, 337, 336, 337, 
1893, 336, 338, 335, 337, 
1895, 336, 337, 336, 337, 
1897, 335, 337, 335, 338, 
1900, 336, 337, 335, 337, 
1902, 336, 337, 335, 336, 
1904, 336, 337, 335, 338, 
1907, 336, 337, 335, 337, 
1909, 336, 337, 335, 338, 
1911, 335, 336, 334, 337, 
1914, 334, 337, 334, 337, 
1916, 335, 337, 335, 339, 
1918, 336, 337, 335, 337, 
1922, 336, 339, 335, 337, 
1924, 336, 338, 335, 337, 
1926, 336, 338, 335, 337, 
1928, 336, 338, 335, 337, 
1931, 336, 337, 335, 337, 
1933, 336, 337, 335, 337, 
1935, 336, 338, 335, 338, 
1938, 337, 338, 335, 337, 
1940, 336, 338, 336, 337, 
1942, 337, 338, 336, 337, 
1945, 337, 338, 335, 337, 
1947, 337, 338, 336, 337, 
1949, 337, 338, 336, 337, 
1952, 337, 338, 336, 337, 
1954, 337, 338, 335, 337, 
1956, 337, 338, 336, 338, 
1959, 336, 338, 336, 337, 
1961, 337, 338, 335, 337, 
1964, 336, 338, 335, 337, 
1967, 336, 338, 335, 337, 
1969, 337, 338, 335, 337, 
1971, 337, 338, 336, 337, 
1974, 337, 339, 335, 336, 
1976, 337, 338, 335, 337, 
1978, 337, 337, 336, 336, 
1981, 337, 337, 335, 336, 
1983, 337, 338, 335, 336, 
1985, 337, 338, 335, 337, 
1988, 337, 337, 335, 336, 
1990, 337, 338, 335, 335, 
1992, 337, 339, 335, 338, 
1995, 337, 338, 336, 337, 
1997, 338, 337, 336, 336, 
1999, 337, 337, 336, 336, 
2002, 337, 338, 336, 337, 
2004, 337, 337, 336, 337, 
2007, 338, 338, 335, 337, 
2010, 337, 337, 337, 337, 
2012, 339, 338, 336, 338, 
2014, 337, 338, 336, 336, 
2016, 337, 337, 336, 337, 
2019, 338, 338, 336, 336, 
2021, 337, 338, 336, 336, 
2023, 338, 337, 336, 337, 
2026, 337, 338, 336, 336, 
2028, 338, 338, 336, 337, 
2030, 337, 337, 336, 337, 
2033, 338, 339, 336, 337, 
2035, 337, 338, 336, 336, 
2037, 337, 338, 336, 337, 
2040, 336, 338, 337, 337, 
2042, 337, 338, 337, 337, 
2044, 337, 338, 336, 337, 
2048, 338, 338, 337, 337, 
2050, 337, 338, 336, 337, 
2052, 338, 338, 337, 337, 
2055, 337, 338, 336, 337, 
2057, 338, 338, 336, 337, 
2059, 338, 338, 337, 337, 
2062, 337, 338, 337, 337, 
2064, 337, 338, 337, 338, 
2066, 337, 338, 337, 337, 
2069, 337, 338, 336, 337, 
2071, 337, 338, 336, 337, 
2073, 338, 338, 337, 338, 
2076, 337, 338, 337, 338, 
2078, 337, 338, 337, 337, 
2080, 337, 338, 339, 338, 
2083, 338, 338, 337, 337, 
2085, 338, 338, 337, 337, 
2087, 338, 338, 337, 337, 
2091, 338, 338, 337, 337, 
2093, 338, 337, 337, 336, 
2095, 338, 338, 337, 336, 
2098, 336, 340, 337, 336, 
2100, 338, 337, 337, 335, 
2102, 338, 337, 337, 336, 
2104, 338, 337, 337, 337, 
2107, 338, 337, 337, 336, 
2109, 338, 338, 337, 338, 
2111, 338, 338, 338, 338, 
2114, 337, 338, 338, 337, 
2116, 339, 337, 337, 337, 
2118, 339, 338, 338, 338, 
2121, 338, 337, 338, 337, 
2123, 339, 337, 338, 337, 
2125, 339, 336, 338, 338, 
2128, 338, 337, 338, 338, 
2130, 340, 337, 338, 339, 
2132, 339, 336, 338, 338, 
2136, 339, 337, 338, 337, 
2138, 339, 337, 338, 338, 
2140, 340, 337, 339, 337, 
2143, 340, 337, 338, 337, 
2145, 340, 336, 339, 338, 
2147, 342, 336, 339, 337, 
2150, 341, 337, 339, 337, 
2152, 340, 336, 340, 337, 
2154, 341, 336, 340, 336, 
2157, 340, 336, 339, 337, 
2159, 341, 336, 340, 336, 
2161, 341, 336, 340, 336, 
2164, 340, 336, 340, 337, 
2166, 341, 336, 340, 337, 
2168, 341, 336, 339, 336, 
2171, 341, 337, 339, 337, 
2173, 341, 337, 339, 337, 
2176, 340, 337, 339, 337, 
2179, 340, 337, 339, 338, 
2181, 341, 337, 339, 338, 
2183, 340, 337, 338, 337, 
2185, 340, 337, 339, 338, 
2188, 340, 338, 339, 338, 
2190, 340, 338, 338, 338, 
2192, 339, 337, 339, 339, 
2195, 341, 337, 339, 339, 
2197, 340, 337, 339, 338, 
2199, 340, 336, 339, 339, 
2202, 340, 337, 338, 338, 
2204, 340, 336, 339, 338, 
2206, 340, 337, 339, 338, 
2209, 340, 337, 339, 339, 
2211, 341, 336, 339, 339, 
2213, 340, 336, 339, 339, 
2216, 340, 337, 339, 339, 
2219, 340, 336, 339, 339, 
2221, 341, 337, 339, 339, 
2224, 341, 338, 339, 339, 
2226, 341, 338, 339, 341, 
2228, 342, 338, 339, 339, 
2231, 341, 338, 341, 339, 
2233, 341, 338, 339, 339, 
2235, 340, 338, 339, 338, 
2238, 341, 338, 339, 339, 
2240, 342, 338, 340, 339, 
2242, 341, 338, 338, 338, 
2245, 340, 340, 338, 339, 
2247, 340, 338, 338, 338, 
2249, 339, 338, 338, 338, 
2252, 339, 338, 337, 338, 
2254, 339, 338, 338, 338, 
2256, 340, 337, 341, 338, 
2259, 340, 336, 340, 338, 
2262, 340, 335, 339, 337, 
2264, 341, 335, 340, 338, 
2267, 342, 333, 341, 337, 
2269, 343, 332, 342, 336, 
2271, 344, 331, 343, 336, 
2273, 346, 330, 344, 337, 
2276, 347, 330, 345, 336, 
2278, 347, 329, 346, 336, 
2280, 347, 329, 347, 336, 
2283, 348, 329, 346, 336, 
2285, 348, 329, 345, 336, 
2287, 348, 329, 346, 336, 
2290, 349, 330, 345, 336, 
2292, 347, 331, 345, 336, 
2294, 347, 332, 345, 337, 
2297, 347, 332, 344, 336, 
2299, 345, 332, 344, 336, 
2301, 345, 334, 344, 336, 
2305, 344, 333, 343, 337, 
2307, 344, 334, 343, 336, 
2309, 344, 334, 343, 337, 
2312, 344, 334, 342, 337, 
2314, 344, 335, 342, 337, 
2316, 343, 335, 342, 337, 
2319, 343, 336, 341, 337, 
2321, 344, 335, 341, 336, 
2323, 343, 336, 341, 337, 
2326, 343, 336, 342, 337, 
2328, 342, 336, 340, 337, 
2330, 343, 336, 340, 337, 
2333, 342, 337, 340, 338, 
2335, 342, 336, 339, 337, 
2337, 342, 337, 339, 337, 
2340, 341, 337, 339, 338, 
2342, 342, 337, 339, 341, 
2344, 341, 337, 339, 338, 
2348, 342, 336, 339, 338, 
2350, 341, 337, 340, 338, 
2352, 341, 338, 339, 338, 
2355, 341, 338, 339, 338, 
2357, 341, 337, 340, 339, 
2359, 341, 338, 339, 339, 
2361, 340, 338, 339, 339, 
2364, 341, 339, 339, 339, 
2366, 341, 338, 339, 339, 
2368, 340, 339, 338, 339, 
2371, 340, 339, 338, 339, 
2373, 340, 339, 338, 339, 
2375, 340, 342, 339, 340, 
2378, 340, 339, 339, 339, 
2380, 340, 339, 339, 340, 
2382, 340, 339, 339, 339, 
2385, 340, 339, 339, 339, 
2387, 340, 339, 339, 339, 
2390, 340, 339, 340, 340, 
2393, 343, 340, 339, 341, 
2395, 340, 340, 339, 339, 
2397, 341, 339, 339, 340, 
2400, 340, 340, 339, 340, 
2402, 340, 339, 339, 339, 
2404, 340, 338, 338, 340, 
2407, 340, 339, 338, 340, 
2409, 340, 339, 339, 340, 
2411, 340, 339, 338, 339, 
2414, 339, 339, 338, 340, 
2416, 339, 338, 338, 339, 
2418, 340, 338, 338, 339, 
2421, 339, 338, 339, 340, 
2423, 340, 338, 339, 340, 
2425, 340, 339, 339, 339, 
2428, 340, 339, 339, 339, 
2430, 340, 339, 339, 340, 
2433, 339, 339, 339, 340, 
2436, 339, 339, 338, 340, 
2438, 339, 340, 338, 339, 
2440, 339, 339, 339, 340, 
2443, 339, 339, 339, 339, 
2445, 339, 339, 338, 339, 
2447, 339, 338, 338, 339, 
2449, 339, 339, 338, 340, 
2452, 339, 338, 338, 340, 
2454, 339, 338, 338, 340, 
2456, 339, 338, 339, 340, 
2459, 339, 339, 339, 340, 
2461, 339, 338, 338, 340, 
2463, 338, 338, 339, 340, 
2466, 339, 338, 339, 340, 
2468, 338, 337, 338, 340, 
2470, 339, 338, 338, 340, 
2473, 338, 337, 339, 341, 
2476, 339, 337, 339, 340, 
2478, 338, 337, 339, 342, 
2481, 339, 337, 339, 340, 
2483, 339, 337, 339, 340, 
2485, 339, 337, 339, 341, 
2488, 339, 338, 339, 342, 
2490, 338, 337, 340, 341, 
2492, 339, 337, 340, 341, 
2495, 337, 337, 340, 341, 
2497, 338, 337, 340, 341, 
2499, 338, 337, 340, 341, 
2502, 340, 336, 340, 341, 
2504, 339, 336, 340, 341, 
2506, 338, 336, 341, 341, 
2509, 338, 336, 340, 340, 
2511, 339, 337, 340, 340, 
2513, 339, 336, 340, 341, 
2516, 339, 336, 340, 341, 
2519, 338, 336, 340, 344, 
2521, 338, 335, 340, 341, 
2524, 338, 336, 340, 340, 
2526, 338, 336, 340, 341, 
2528, 338, 336, 340, 341, 
2531, 338, 336, 341, 340, 
2533, 338, 336, 340, 341, 
2535, 338, 336, 342, 341, 
2537, 338, 335, 340, 340, 
2540, 338, 336, 341, 340, 
2542, 338, 335, 340, 340, 
2544, 338, 336, 340, 340, 
2547, 337, 336, 340, 339, 
2549, 337, 336, 340, 340, 
2551, 337, 339, 340, 340, 
2554, 337, 336, 339, 340, 
2556, 337, 337, 340, 340, 
2558, 337, 337, 340, 340, 
2562, 337, 337, 340, 340, 
2564, 337, 337, 339, 340, 
2566, 336, 337, 339, 339, 
2569, 338, 338, 340, 340, 
2571, 336, 337, 339, 340, 
2573, 335, 338, 339, 339, 
2576, 335, 338, 339, 340, 
2578, 336, 338, 338, 341, 
2580, 335, 338, 339, 339, 
2583, 335, 338, 338, 339, 
2585, 335, 338, 338, 339, 
2587, 334, 338, 337, 340, 
2590, 334, 338, 338, 339, 
2592, 334, 338, 337, 340, 
2594, 334, 339, 337, 339, 
2597, 333, 340, 337, 339, 
2599, 334, 339, 337, 339, 
2601, 333, 339, 337, 339, 
2605, 333, 340, 337, 339, 
2607, 333, 339, 337, 339, 
2609, 334, 340, 338, 339, 
2612, 333, 339, 336, 338, 
2614, 333, 340, 336, 338, 
2616, 333, 339, 337, 337, 
2619, 333, 339, 336, 337, 
2621, 333, 339, 336, 337, 
2623, 333, 340, 337, 338, 
2625, 333, 340, 336, 337, 
2628, 333, 340, 336, 337, 
2630, 333, 340, 336, 338, 
2632, 332, 339, 335, 338, 
2635, 332, 339, 336, 338, 
2637, 332, 340, 338, 339, 
2639, 332, 340, 336, 338, 
2642, 332, 340, 336, 339, 
2644, 332, 340, 336, 338, 
2647, 331, 340, 336, 339, 
2650, 332, 340, 336, 339, 
2652, 332, 340, 336, 339, 
2654, 332, 341, 336, 339, 
2657, 332, 341, 337, 339, 
2659, 332, 341, 337, 339, 
2661, 332, 340, 337, 339, 
2664, 333, 341, 336, 339, 
2666, 332, 340, 336, 339, 
2668, 333, 340, 336, 339, 
2671, 332, 341, 336, 339, 
2673, 331, 340, 336, 339, 
2675, 332, 340, 336, 339, 
2678, 331, 340, 336, 339, 
2680, 333, 340, 335, 339, 
2682, 332, 340, 337, 338, 
2685, 332, 339, 336, 338, 
2688, 332, 339, 335, 338, 
2690, 332, 339, 335, 338, 
2693, 332, 339, 336, 338, 
2695, 332, 339, 336, 338, 
2697, 332, 339, 335, 338, 
2700, 332, 339, 336, 338, 
2702, 331, 340, 335, 339, 
2704, 332, 339, 336, 338, 
2707, 332, 339, 336, 338, 
2709, 331, 340, 335, 338, 
2711, 332, 340, 336, 338, 
2713, 332, 340, 335, 339, 
2716, 332, 340, 336, 338, 
2718, 332, 340, 335, 338, 
2720, 332, 340, 336, 340, 
2723, 332, 340, 336, 337, 
2725, 332, 340, 336, 338, 
2727, 332, 341, 336, 339, 
2731, 332, 340, 336, 338, 
2733, 332, 341, 335, 338, 
2735, 332, 340, 336, 339, 
2738, 332, 340, 336, 338, 
2740, 331, 340, 336, 339, 
2742, 332, 340, 336, 338, 
2745, 333, 341, 336, 338, 
2747, 332, 340, 336, 338, 
2749, 332, 341, 336, 338, 
2752, 331, 340, 336, 338, 
2754, 332, 340, 336, 338, 
2756, 331, 340, 336, 338, 
2759, 332, 340, 335, 338, 
2761, 332, 340, 336, 338, 
2763, 332, 340, 335, 338, 
2766, 332, 340, 336, 338, 
2768, 331, 341, 335, 338, 
2770, 331, 341, 335, 338, 
2774, 330, 340, 335, 338, 
2776, 331, 340, 335, 338, 
2778, 331, 340, 335, 340, 
2781, 331, 340, 335, 338, 
2783, 331, 339, 336, 338, 
2785, 331, 339, 336, 339, 
2788, 331, 339, 335, 338, 
2790, 331, 339, 336, 338, 
2792, 332, 338, 336, 338, 
2794, 331, 338, 336, 338, 
2797, 331, 338, 336, 338, 
2799, 331, 338, 336, 338, 
2801, 331, 338, 336, 338, 
2804, 332, 337, 336, 337, 
2806, 332, 338, 337, 338, 
2808, 332, 338, 337, 338, 
2811, 332, 338, 337, 338, 
2813, 333, 338, 338, 339, 
2816, 331, 338, 336, 339, 
2819, 332, 339, 336, 338, 
2821, 332, 339, 336, 338, 
2823, 332, 339, 336, 338, 
2826, 332, 339, 336, 338, 
2828, 332, 339, 336, 338, 
2830, 332, 338, 336, 338, 
2833, 333, 339, 336, 338, 
2835, 332, 339, 336, 338, 
2837, 332, 339, 337, 338, 
2840, 332, 339, 337, 338, 
2842, 333, 339, 336, 338, 
2844, 332, 339, 337, 338, 
2847, 335, 339, 336, 338, 
2849, 333, 338, 337, 337, 
2851, 332, 338, 336, 337, 
2854, 332, 338, 336, 338, 
2856, 333, 339, 336, 337, 
2859, 333, 338, 335, 337, 
2862, 332, 338, 335, 338, 
2864, 333, 338, 335, 337, 
2866, 332, 337, 335, 338, 
2869, 332, 338, 336, 337, 
2871, 333, 338, 335, 338, 
2873, 333, 339, 334, 338, 
2876, 332, 339, 335, 338, 
2878, 333, 339, 334, 337, 
2880, 333, 339, 334, 337, 
2882, 333, 339, 334, 338, 
2885, 332, 339, 334, 338, 
2887, 332, 339, 334, 338, 
2889, 332, 339, 333, 338, 
2892, 332, 339, 333, 337, 
2894, 332, 339, 333, 337, 
2896, 332, 339, 333, 338, 
2899, 332, 338, 333, 338, 
2902, 331, 338, 332, 339, 
2904, 332, 339, 332, 338, 
2907, 332, 338, 332, 339, 
2909, 333, 338, 333, 338, 
2911, 331, 338, 332, 338, 
2914, 331, 339, 332, 338, 
2916, 332, 338, 331, 338, 
2918, 332, 339, 333, 338, 
2921, 332, 339, 332, 338, 
2923, 332, 339, 332, 339, 
2925, 332, 339, 332, 339, 
2928, 332, 339, 332, 339, 
2930, 332, 340, 332, 339, 
2932, 331, 339, 332, 339, 
2935, 331, 340, 332, 339, 
2937, 331, 340, 332, 339, 
2939, 330, 340, 331, 339, 
2942, 330, 340, 330, 339, 
2945, 329, 339, 331, 339, 
2947, 330, 339, 330, 338, 
2950, 329, 338, 330, 339, 
2952, 329, 338, 331, 339, 
2954, 330, 336, 331, 339, 
2957, 331, 336, 333, 338, 
2959, 332, 334, 333, 338, 
2961, 333, 334, 334, 337, 
2964, 334, 332, 335, 338, 
2966, 335, 331, 336, 337, 
2968, 336, 331, 336, 336, 
2970, 337, 330, 338, 336, 
2973, 338, 330, 338, 337, 
2975, 338, 330, 339, 337, 
2977, 338, 330, 339, 336, 
2980, 338, 330, 338, 336, 
2982, 339, 331, 339, 335, 
2984, 338, 331, 338, 336, 
2988, 337, 332, 338, 336, 
2990, 336, 333, 338, 337, 
2992, 337, 333, 336, 337, 
2995, 336, 333, 337, 337, 
2997, 336, 334, 336, 337, 
2999, 335, 334, 335, 336, 
3002, 335, 334, 335, 337, 
3004, 335, 335, 335, 337, 
3006, 334, 336, 335, 337, 
3009, 334, 336, 334, 338, 
3011, 334, 336, 334, 338, 
3013, 334, 337, 334, 337, 
3016, 334, 337, 335, 338, 
3018, 333, 337, 333, 338, 
3020, 333, 338, 334, 338, 
3023, 336, 338, 334, 339, 
3025, 334, 338, 333, 338, 
3027, 333, 338, 334, 339, 
3031, 333, 339, 333, 338, 
3033, 334, 339, 334, 338, 
3035, 334, 338, 334, 338, 
3038, 334, 339, 335, 339, 
3040, 333, 339, 334, 339, 
3042, 334, 339, 334, 339, 
3045, 334, 339, 335, 339, 
3047, 333, 340, 335, 340, 
3049, 333, 341, 335, 339, 
3052, 332, 339, 335, 339, 
3054, 334, 340, 335, 339, 
3056, 333, 339, 336, 339, 
3058, 333, 340, 335, 339, 
3061, 334, 340, 335, 339, 
3063, 334, 340, 336, 340, 
3065, 334, 339, 336, 339, 
3068, 334, 340, 335, 339, 
3070, 333, 339, 336, 339, 
3073, 334, 340, 335, 339, 
3076, 333, 340, 336, 342, 
3078, 333, 340, 336, 340, 
3080, 333, 340, 336, 340, 
3083, 333, 340, 336, 340, 
3085, 334, 340, 336, 341, 
3087, 333, 340, 336, 340, 
3090, 333, 340, 336, 340, 
3092, 333, 339, 336, 340, 
3094, 334, 340, 337, 340, 
3097, 334, 339, 337, 341, 
3099, 334, 340, 337, 340, 
3101, 333, 339, 337, 340, 
3104, 333, 340, 337, 340, 
3106, 335, 340, 337, 340, 
3108, 333, 342, 338, 340, 
3111, 333, 340, 339, 341, 
3113, 334, 340, 337, 341, 
3116, 334, 339, 338, 341, 
3119, 333, 339, 337, 340, 
3121, 334, 340, 337, 340, 
3123, 334, 339, 338, 340, 
3126, 333, 340, 338, 340, 
3128, 334, 339, 338, 340, 
3130, 335, 339, 338, 340, 
3133, 335, 339, 338, 340, 
3135, 334, 339, 339, 340, 
3137, 334, 339, 339, 340, 
3140, 334, 339, 339, 341, 
3142, 334, 338, 339, 340, 
3144, 335, 339, 339, 340, 
3146, 334, 339, 339, 340, 
3149, 336, 337, 339, 341, 
3151, 335, 337, 340, 340, 
3153, 334, 337, 340, 339, 
3156, 335, 337, 340, 340, 
3159, 335, 337, 341, 340, 
3161, 335, 336, 341, 340, 
3164, 335, 337, 340, 340, 
3166, 335, 337, 338, 340, 
3168, 335, 337, 341, 340, 
3171, 336, 337, 340, 340, 
3173, 336, 337, 341, 340, 
3175, 336, 337, 341, 340, 
3178, 336, 338, 341, 339, 
3180, 335, 337, 341, 340, 
3182, 336, 338, 342, 340, 
3185, 336, 337, 342, 340, 
3187, 336, 336, 341, 342, 
3189, 336, 336, 342, 340, 
3192, 337, 337, 342, 340, 
3194, 337, 337, 341, 340, 
3196, 336, 337, 342, 340, 
3200, 337, 337, 343, 340, 
3202, 338, 336, 342, 340, 
3204, 336, 337, 342, 340, 
3207, 337, 336, 342, 340, 
3209, 338, 336, 342, 339, 
3211, 337, 336, 343, 340, 
3214, 337, 337, 343, 340, 
3216, 337, 336, 343, 340, 
3218, 338, 336, 343, 339, 
3221, 337, 336, 343, 339, 
3223, 337, 336, 343, 340, 
3225, 338, 336, 343, 339, 
3228, 337, 336, 343, 339, 
3230, 338, 336, 343, 339, 
3232, 338, 336, 343, 337, 
3234, 337, 336, 343, 339, 
3237, 338, 336, 344, 337, 
3239, 338, 336, 344, 338, 
3241, 337, 335, 343, 337, 
3245, 338, 337, 343, 337, 
3247, 337, 336, 343, 338, 
3249, 338, 336, 343, 337, 
3252, 339, 336, 344, 340, 
3254, 337, 336, 343, 338, 
3256, 338, 336, 344, 336, 
3259, 339, 336, 345, 337, 
3261, 338, 336, 343, 337, 
3263, 338, 336, 343, 337, 
3266, 338, 337, 343, 338, 
3268, 338, 337, 344, 336, 
3270, 337, 337, 343, 337, 
3273, 338, 337, 343, 337, 
3275, 338, 337, 344, 337, 
3277, 338, 338, 343, 337, 
3280, 338, 338, 343, 336, 
3282, 338, 340, 343, 338, 
3284, 337, 341, 343, 338, 
3288, 338, 339, 343, 337, 
3290, 337, 339, 342, 337, 
3292, 338, 339, 342, 337, 
3295, 338, 340, 342, 337, 
3297, 338, 339, 342, 337, 
3299, 337, 340, 341, 336, 
3302, 340, 340, 342, 336, 
3304, 337, 339, 341, 336, 
3306, 337, 340, 342, 338, 
3309, 338, 340, 341, 337, 
3311, 338, 340, 341, 337, 
3313, 338, 341, 341, 336, 
3316, 338, 340, 341, 336, 
3318, 338, 341, 341, 336, 
3320, 337, 340, 341, 336, 
3322, 338, 340, 341, 336, 
3325, 338, 340, 342, 336, 
3328, 338, 340, 341, 335, 
3330, 338, 340, 341, 337, 
3333, 338, 340, 341, 335, 
3335, 337, 340, 342, 335, 
3337, 339, 340, 341, 335, 
3340, 338, 340, 341, 335, 
3342, 338, 340, 341, 334, 
3344, 338, 340, 342, 335, 
3347, 338, 340, 341, 335, 
3349, 338, 340, 341, 335, 
3351, 338, 340, 341, 335, 
3354, 338, 340, 341, 334, 
3356, 338, 339, 341, 334, 
3358, 339, 341, 342, 334, 
3361, 338, 340, 341, 335, 
3363, 339, 340, 342, 334, 
3365, 339, 340, 341, 335, 
3368, 339, 340, 341, 335, 
3371, 339, 340, 341, 335, 
3373, 339, 340, 342, 335, 
3376, 340, 340, 341, 335, 
3378, 339, 341, 341, 336, 
3380, 339, 340, 341, 334, 
3383, 339, 340, 341, 334, 
3385, 339, 340, 342, 335, 
3387, 339, 339, 341, 335, 
3390, 339, 341, 342, 335, 
3392, 339, 341, 341, 335, 
3394, 339, 340, 341, 335, 
3397, 339, 340, 341, 334, 
3399, 339, 340, 341, 335, 
3401, 339, 340, 341, 335, 
3403, 339, 340, 341, 335, 
3406, 339, 340, 341, 334, 
3408, 339, 340, 341, 335, 
3410, 339, 339, 341, 334, 
3414, 339, 339, 341, 335, 
3416, 339, 339, 341, 335, 
3418, 339, 339, 341, 335, 
3421, 339, 339, 341, 335, 
3423, 340, 339, 341, 335, 
3425, 339, 338, 341, 335, 
3428, 339, 339, 341, 337, 
3430, 339, 339, 341, 335, 
3432, 339, 340, 340, 335, 
3435, 339, 339, 341, 335, 
3437, 340, 338, 340, 334, 
3439, 339, 338, 340, 334, 
3442, 339, 339, 341, 335, 
3444, 339, 339, 342, 335, 
3446, 340, 339, 340, 335, 
3449, 339, 339, 340, 335, 
3451, 338, 339, 340, 335, 
3453, 340, 339, 340, 335, 
3457, 339, 339, 340, 334, 
3459, 340, 340, 340, 334, 
3461, 339, 341, 340, 335, 
3464, 339, 339, 340, 335, 
3466, 339, 340, 340, 335, 
3468, 339, 339, 340, 335, 
3471, 340, 339, 341, 335, 
3473, 339, 340, 339, 335, 
3475, 340, 340, 340, 335, 
3478, 341, 340, 340, 336, 
3480, 340, 339, 340, 336, 
3482, 339, 339, 340, 336, 
3485, 339, 339, 340, 336, 
3487, 340, 339, 340, 336, 
3489, 340, 338, 341, 336, 
3491, 340, 339, 341, 336, 
3494, 340, 340, 340, 337, 
3496, 340, 340, 341, 336, 
3499, 339, 339, 341, 337, 
3502, 340, 339, 341, 336, 
3504, 340, 339, 341, 337, 
3506, 340, 339, 341, 338, 
3509, 340, 339, 341, 337, 
3511, 341, 339, 341, 337, 
3513, 342, 338, 341, 337, 
3516, 341, 339, 341, 336, 
3518, 341, 338, 342, 337, 
3520, 341, 338, 342, 336, 
3523, 341, 338, 341, 336, 
3525, 341, 338, 341, 337, 
3527, 341, 338, 341, 337, 
3530, 342, 337, 341, 340, 
3532, 340, 337, 341, 336, 
3534, 341, 338, 341, 336, 
3537, 342, 337, 341, 336, 
3539, 341, 337, 341, 337, 
3542, 342, 337, 341, 337, 
3545, 341, 337, 341, 337, 
3547, 341, 337, 341, 337, 
3549, 341, 337, 340, 337, 
3552, 341, 338, 340, 338, 
3554, 341, 338, 340, 337, 
3556, 340, 338, 340, 338, 
3559, 341, 338, 340, 337, 
3561, 340, 338, 340, 337, 
3563, 341, 338, 340, 339, 
3566, 340, 338, 339, 338, 
3568, 341, 338, 339, 338, 
3570, 340, 338, 339, 338, 
3573, 340, 338, 340, 338, 
3575, 341, 339, 339, 338, 
3577, 341, 338, 339, 338, 
3579, 343, 339, 339, 338, 
3582, 340, 339, 339, 339, 
3585, 340, 338, 339, 339, 
3587, 341, 338, 339, 338, 
3590, 341, 339, 339, 339, 
3592, 341, 339, 339, 339, 
3594, 341, 338, 339, 339, 
3597, 340, 338, 339, 339, 
3599, 340, 338, 338, 339, 
3601, 340, 338, 338, 339, 
3604, 340, 338, 339, 340, 
3606, 340, 338, 338, 338, 
3608, 341, 338, 338, 339, 
3611, 340, 338, 338, 340, 
3613, 340, 338, 337, 338, 
3615, 339, 338, 338, 338, 
3618, 339, 338, 337, 338, 
3620, 339, 338, 338, 339, 
3622, 338, 337, 337, 338, 
3625, 338, 337, 337, 338, 
3628, 338, 336, 337, 338, 
3630, 338, 336, 337, 338, 
3633, 338, 335, 338, 337, 
3635, 339, 333, 339, 338, 
3637, 340, 333, 339, 338, 
3640, 340, 332, 340, 338, 
3642, 341, 331, 341, 338, 
3644, 343, 329, 343, 337, 
3647, 343, 328, 343, 337, 
3649, 344, 328, 342, 337, 
3651, 345, 327, 344, 336, 
3654, 346, 328, 344, 337, 
3656, 345, 328, 343, 337, 
3658, 345, 328, 344, 337, 
3661, 345, 328, 343, 337, 
3663, 345, 329, 344, 337, 
3665, 344, 330, 344, 338, 
3667, 343, 330, 342, 337, 
3671, 343, 331, 342, 337, 
3673, 342, 332, 341, 337, 
3675, 342, 332, 341, 337, 
3678, 341, 333, 341, 338, 
3680, 341, 333, 340, 338, 
3682, 339, 334, 340, 337, 
3685, 341, 334, 340, 337, 
3687, 340, 334, 340, 337, 
3689, 340, 334, 339, 338, 
3692, 339, 335, 339, 338, 
3694, 339, 335, 339, 337, 
3696, 339, 335, 340, 338, 
3699, 340, 335, 338, 338, 
3701, 339, 335, 339, 338, 
3703, 339, 334, 338, 338, 
3706, 339, 335, 339, 341, 
3708, 339, 336, 338, 338, 
3710, 338, 337, 338, 339, 
3714, 339, 336, 339, 338, 
3716, 338, 337, 338, 338, 
3718, 338, 336, 338, 339, 
3721, 339, 336, 339, 338, 
3723, 339, 336, 337, 339, 
3725, 338, 337, 338, 338, 
3728, 339, 337, 339, 339, 
3730, 338, 337, 338, 339, 
3732, 337, 337, 338, 339, 
3735, 337, 337, 338, 338, 
3737, 338, 337, 337, 339, 
3739, 338, 340, 337, 339, 
3742, 338, 338, 337, 340, 
3744, 338, 337, 338, 340, 
3746, 338, 338, 338, 340, 
3749, 337, 337, 337, 339, 
3751, 338, 337, 338, 340, 
3753, 337, 337, 338, 340, 
3756, 340, 338, 337, 339, 
3759, 337, 337, 338, 339, 
3761, 337, 338, 337, 340, 
3763, 338, 338, 337, 339, 
3766, 337, 337, 337, 339, 
3768, 338, 338, 337, 339, 
3770, 338, 337, 337, 339, 
3773, 337, 337, 337, 339, 
3775, 337, 337, 337, 338, 
3777, 337, 337, 337, 339, 
3780, 337, 337, 337, 339, 
3782, 338, 337, 337, 339, 
3784, 337, 337, 337, 339, 
3787, 337, 338, 337, 340, 
3789, 337, 336, 337, 339, 
3791, 337, 336, 337, 339, 
3794, 337, 336, 337, 339, 
3796, 337, 336, 338, 339, 
3799, 337, 336, 337, 339, 
3802, 337, 336, 337, 339, 
3804, 337, 336, 338, 339, 
3806, 337, 336, 338, 341, 
3809, 337, 336, 338, 339, 
3811, 338, 336, 338, 339, 
3813, 337, 337, 338, 339, 
3816, 337, 336, 338, 339, 
3818, 337, 336, 338, 339, 
3820, 338, 335, 338, 339, 
3823, 337, 336, 338, 339, 
3825, 338, 335, 338, 340, 
3827, 338, 335, 338, 339, 
3830, 338, 335, 338, 339, 
3832, 338, 335, 338, 339, 
3834, 338, 335, 339, 339, 
3837, 338, 335, 339, 339, 
3840, 338, 334, 339, 339, 
3842, 338, 334, 339, 339, 
3844, 338, 334, 339, 340, 
3847, 339, 334, 339, 339, 
3849, 339, 334, 339, 339, 
3851, 338, 333, 338, 339, 
3854, 338, 335, 339, 339, 
3856, 338, 334, 339, 340, 
3858, 338, 334, 339, 339, 
3861, 338, 334, 338, 339, 
3863, 338, 334, 339, 339, 
3865, 338, 333, 339, 339, 
3868, 338, 333, 339, 339, 
3870, 339, 333, 339, 339, 
3872, 338, 334, 338, 338, 
3875, 339, 333, 339, 340, 
3877, 337, 333, 339, 340, 
3879, 339, 333, 339, 340, 
3883, 339, 333, 339, 342, 
3885, 338, 332, 339, 339, 
3887, 338, 332, 339, 339, 
3890, 339, 332, 340, 339, 
3892, 339, 334, 339, 340, 
3894, 339, 332, 339, 340, 
3897, 338, 332, 340, 339, 
3899, 339, 332, 339, 339, 
3901, 338, 332, 339, 341, 
3904, 338, 332, 340, 339, 
3906, 337, 332, 339, 339, 
3908, 339, 332, 340, 339, 
3911, 338, 332, 339, 339, 
3913, 338, 332, 339, 339, 
3915, 339, 335, 339, 339, 
3918, 338, 333, 339, 339, 
3920, 338, 333, 339, 339, 
3922, 338, 333, 339, 339, 
3926, 338, 333, 340, 339, 
3928, 338, 333, 338, 339, 
3930, 338, 333, 339, 339, 
3932, 341, 334, 339, 339, 
3935, 338, 334, 339, 339, 
3937, 338, 334, 339, 339, 
3939, 338, 334, 339, 339, 
3942, 338, 334, 339, 339, 
3944, 338, 333, 339, 339, 
3946, 338, 334, 338, 339, 
3949, 337, 335, 338, 339, 
3951, 337, 334, 338, 339, 
3953, 337, 335, 338, 338, 
3956, 337, 335, 338, 339, 
3958, 337, 336, 338, 339, 
3960, 336, 336, 338, 338, 
3963, 337, 336, 338, 338, 
3965, 337, 336, 338, 338, 
3968, 337, 336, 338, 338, 
3971, 336, 336, 337, 338, 
3973, 337, 336, 338, 337, 
3975, 336, 336, 338, 337, 
3978, 337, 337, 337, 338, 
3980, 336, 337, 337, 338, 
3982, 336, 337, 337, 337, 
3985, 337, 337, 337, 337, 
3987, 336, 337, 337, 337, 
3989, 336, 338, 337, 337, 
3992, 336, 337, 338, 338, 
3994, 336, 337, 337, 337, 
3996, 337, 337, 337, 337, 
3999, 336, 338, 337, 338, 
4001, 337, 337, 339, 337, 
4003, 336, 338, 337, 337, 
4006, 336, 338, 337, 337, 
4008, 336, 338, 337, 337, 
4011, 336, 337, 338, 337, 
4013, 336, 337, 337, 337, 
4016, 336, 338, 338, 337, 
4018, 336, 339, 337, 337, 
4020, 336, 337, 337, 338, 
4023, 336, 337, 337, 337, 
4025, 336, 337, 337, 337, 
4027, 336, 338, 337, 338, 
4030, 336, 338, 337, 337, 
4032, 336, 339, 337, 337, 
4034, 337, 338, 337, 337, 
4037, 336, 338, 337, 338, 
4039, 336, 338, 337, 337, 
4041, 336, 337, 338, 337, 
4044, 336, 338, 337, 337, 
4046, 336, 338, 337, 337, 
4048, 336, 337, 337, 337, 
4051, 337, 338, 338, 337, 
4054, 336, 337, 337, 337, 
4056, 336, 337, 338, 337, 
4059, 336, 337, 338, 338, 
4061, 336, 337, 338, 337, 
4063, 337, 338, 337, 337, 
4066, 336, 338, 337, 337, 
4068, 336, 338, 338, 337, 
4070, 336, 337, 337, 337, 
4073, 336, 337, 337, 337, 
4075, 336, 338, 338, 337, 
4077, 337, 337, 337, 337, 
4080, 337, 338, 338, 337, 
4082, 337, 338, 337, 337, 
4084, 336, 338, 338, 336, 
4087, 336, 337, 337, 335, 
4089, 337, 338, 337, 336, 
4091, 335, 338, 338, 336, 
4094, 336, 337, 338, 337, 
4097, 337, 338, 338, 337, 
4099, 337, 338, 338, 337, 
4101, 337, 338, 338, 337, 
4104, 336, 338, 336, 337, 
4106, 337, 338, 338, 338, 
4108, 337, 338, 338, 337, 
4111, 337, 338, 338, 337, 
4113, 337, 338, 337, 337, 
4115, 337, 338, 338, 338, 
4118, 337, 338, 338, 337, 
4120, 336, 337, 338, 337, 
4122, 337, 337, 339, 337, 
4125, 337, 338, 339, 338, 
4127, 337, 337, 339, 337, 
4129, 337, 337, 339, 337, 
4132, 337, 337, 339, 337, 
4134, 337, 337, 339, 337, 
4136, 335, 336, 339, 337, 
4140, 337, 336, 339, 336, 
4142, 337, 337, 339, 336, 
4144, 337, 337, 339, 337, 
4147, 337, 337, 339, 336, 
4149, 337, 336, 340, 336, 
4151, 338, 336, 340, 336, 
4154, 336, 337, 339, 337, 
4156, 337, 337, 340, 336, 
4158, 338, 337, 339, 336, 
4161, 338, 336, 340, 338, 
4163, 337, 336, 339, 336, 
4165, 338, 336, 340, 336, 
4168, 337, 336, 340, 336, 
4170, 337, 337, 340, 337, 
4172, 338, 337, 339, 338, 
4175, 338, 336, 339, 338, 
4177, 338, 336, 340, 337, 
4179, 338, 337, 338, 337, 
4183, 338, 337, 339, 337, 
4185, 338, 337, 339, 337, 
4187, 338, 337, 339, 336, 
4189, 338, 337, 339, 336, 
4192, 337, 337, 339, 338, 
4194, 337, 339, 339, 337, 
4196, 337, 337, 338, 337, 
4199, 338, 337, 338, 337, 
4201, 337, 337, 338, 336, 
4203, 337, 338, 338, 337, 
4206, 337, 337, 338, 337, 
4208, 337, 337, 338, 337, 
4210, 338, 338, 339, 337, 
4213, 337, 338, 338, 336, 
4215, 337, 338, 338, 337, 
4217, 337, 338, 337, 337, 
4220, 337, 338, 338, 337, 
4222, 337, 338, 339, 337, 
4225, 337, 338, 338, 337, 
4228, 337, 338, 339, 337, 
4230, 337, 338, 339, 337, 
4232, 337, 339, 338, 337, 
4235, 337, 338, 339, 336, 
4237, 336, 338, 338, 336, 
4239, 337, 338, 338, 336, 
4242, 337, 338, 338, 336, 
4244, 337, 338, 338, 338, 
4246, 336, 338, 339, 336, 
4249, 336, 338, 338, 336, 
4251, 336, 338, 338, 336, 
4253, 336, 338, 338, 336, 
4256, 336, 338, 338, 337, 
4258, 336, 339, 338, 337, 
4260, 335, 338, 338, 337, 
4263, 335, 338, 338, 337, 
4265, 335, 338, 337, 337, 
4268, 334, 338, 337, 337, 
4271, 335, 338, 337, 337, 
4273, 335, 336, 338, 338, 
4275, 336, 335, 338, 336, 
4277, 336, 334, 339, 336, 
4280, 337, 333, 339, 336, 
4282, 338, 332, 340, 336, 
4284, 339, 332, 342, 336, 
4287, 340, 330, 342, 335, 
4289, 342, 330, 343, 336, 
4291, 341, 330, 344, 335, 
4294, 343, 330, 345, 335, 
4296, 343, 329, 345, 335, 
4298, 343, 330, 345, 336, 
4301, 343, 329, 344, 337, 
4303, 342, 331, 344, 335, 
4305, 342, 331, 344, 336, 
4308, 342, 332, 343, 336, 
4311, 341, 333, 343, 335, 
4313, 341, 333, 343, 335, 
4316, 341, 333, 342, 336, 
4318, 340, 335, 341, 336, 
4320, 340, 335, 341, 336, 
4323, 340, 335, 340, 337, 
4325, 339, 336, 341, 336, 
4327, 339, 336, 340, 336, 
4330, 340, 336, 340, 336, 
4332, 339, 336, 340, 337, 
4334, 339, 336, 339, 336, 
4337, 338, 336, 340, 337, 
4339, 338, 336, 340, 337, 
4341, 338, 337, 339, 336, 
4344, 338, 337, 339, 337, 
4346, 338, 337, 339, 337, 
4348, 338, 337, 339, 336, 
4352, 337, 337, 339, 337, 
4354, 337, 338, 341, 337, 
4356, 337, 338, 339, 337, 
4359, 338, 338, 339, 336, 
4361, 337, 338, 338, 337, 
4363, 337, 338, 338, 337, 
4365, 338, 338, 338, 337, 
4368, 337, 339, 338, 337, 
4370, 337, 339, 339, 337, 
4372, 337, 338, 338, 337, 
4375, 337, 339, 338, 338, 
4377, 337, 338, 338, 337, 
4379, 337, 340, 338, 337, 
4382, 337, 339, 338, 338, 
4384, 337, 339, 338, 338, 
4386, 338, 339, 337, 338, 
4389, 337, 339, 337, 337, 
4391, 336, 339, 337, 337, 
4393, 336, 339, 337, 338, 
4397, 336, 339, 337, 337, 
4399, 336, 337, 337, 337, 
4401, 336, 339, 337, 337, 
4404, 336, 339, 337, 337, 
4406, 336, 340, 337, 339, 
4408, 336, 339, 337, 337, 
4411, 337, 339, 337, 338, 
4413, 336, 339, 338, 337, 
4415, 336, 340, 338, 338, 
4418, 337, 339, 338, 338, 
4420, 337, 339, 338, 338, 
4422, 336, 339, 337, 338, 
4425, 336, 340, 337, 338, 
4427, 337, 340, 338, 338, 
4429, 337, 339, 338, 338, 
4432, 337, 339, 338, 338, 
4434, 335, 339, 337, 338, 
4436, 337, 339, 338, 338, 
4440, 337, 339, 338, 341, 
4442, 337, 339, 338, 338, 
4444, 336, 339, 338, 338, 
4447, 337, 339, 337, 339, 
4449, 337, 339, 338, 338, 
4451, 338, 338, 337, 338, 
4453, 337, 338, 338, 338, 
4456, 337, 339, 341, 338, 
4458, 337, 338, 338, 337, 
4460, 337, 338, 337, 338, 
4463, 336, 338, 338, 338, 
4465, 337, 337, 337, 338, 
4467, 337, 338, 338, 338, 
4470, 336, 337, 338, 338, 
4472, 337, 339, 338, 338, 
4474, 336, 337, 338, 338, 
4477, 337, 338, 338, 338, 
4480, 336, 337, 338, 338, 
4482, 337, 337, 338, 338, 
4485, 337, 337, 338, 338, 
4487, 337, 336, 339, 338, 
4489, 339, 336, 339, 338, 
4492, 337, 337, 338, 338, 
4494, 337, 337, 339, 338, 
4496, 337, 336, 338, 338, 
4499, 337, 336, 339, 338, 
4501, 337, 337, 339, 338, 
4503, 337, 336, 339, 338, 
4506, 337, 336, 339, 338, 
4508, 337, 337, 339, 338, 
4510, 337, 336, 339, 339, 
4513, 337, 336, 339, 339, 
4515, 337, 337, 339, 339, 
4517, 337, 336, 339, 339, 
4520, 337, 336, 339, 339, 
4523, 337, 336, 339, 339, 
4525, 337, 336, 339, 338, 
4528, 337, 336, 339, 339, 
4530, 337, 337, 341, 339, 
4532, 337, 336, 339, 338, 
4535, 337, 335, 340, 338, 
4537, 337, 335, 340, 338, 
4539, 336, 335, 340, 337, 
4541, 337, 335, 339, 338, 
4544, 337, 335, 339, 340, 
4546, 337, 336, 339, 339, 
4548, 337, 336, 340, 338, 
4551, 337, 335, 339, 339, 
4553, 336, 336, 339, 338, 
4555, 337, 335, 339, 338, 
4558, 336, 336, 338, 338, 
4560, 336, 335, 339, 338, 
4562, 336, 336, 340, 338, 
4566, 337, 336, 339, 338, 
4568, 336, 336, 339, 338, 
4570, 335, 336, 339, 338, 
4573, 336, 337, 339, 337, 
4575, 335, 336, 339, 338, 
4577, 336, 337, 339, 338, 
4580, 336, 337, 339, 338, 
4582, 335, 337, 338, 337, 
4584, 335, 337, 339, 337, 
4587, 335, 337, 339, 337, 
4589, 335, 337, 338, 337, 
4591, 335, 337, 338, 337, 
4594, 334, 337, 338, 337, 
4596, 335, 337, 338, 337, 
4598, 335, 338, 338, 337, 
4601, 334, 338, 338, 337, 
4603, 334, 338, 337, 337, 
4605, 334, 338, 339, 337, 
4609, 334, 338, 337, 337, 
4611, 334, 339, 337, 337, 
4613, 334, 338, 338, 337, 
4616, 335, 338, 337, 340, 
4618, 334, 338, 338, 337, 
4620, 333, 339, 337, 337, 
4622, 333, 338, 337, 337, 
4625, 334, 339, 338, 337, 
4627, 333, 338, 338, 337, 
4629, 334, 339, 337, 337, 
4632, 334, 339, 340, 337, 
4634, 333, 338, 337, 337, 
4636, 333, 339, 337, 337, 
4639, 333, 338, 337, 337, 
4641, 333, 339, 337, 336, 
4643, 333, 338, 337, 336, 
4646, 333, 338, 337, 336, 
4648, 333, 340, 337, 336, 
4651, 333, 338, 336, 337, 
4654, 333, 338, 336, 336, 
4656, 333, 338, 337, 337, 
4658, 333, 338, 336, 336, 
4661, 333, 339, 337, 337, 
4663, 332, 338, 337, 337, 
4665, 332, 339, 337, 337, 
4668, 333, 340, 337, 337, 
4670, 333, 339, 337, 337, 
4672, 333, 339, 337, 337, 
4675, 333, 339, 337, 337, 
4677, 334, 338, 338, 337, 
4679, 333, 339, 337, 338, 
4682, 334, 338, 337, 337, 
4684, 334, 338, 337, 337, 
4686, 333, 338, 336, 336, 
4689, 334, 338, 336, 338, 
4691, 334, 339, 337, 337, 
4694, 334, 338, 337, 338, 
4697, 333, 338, 337, 338, 
4699, 333, 338, 337, 337, 
4701, 333, 338, 336, 337, 
4704, 333, 338, 337, 337, 
4706, 333, 338, 339, 338, 
4708, 334, 338, 337, 337, 
4710, 334, 338, 337, 337, 
4713, 334, 337, 337, 337, 
4715, 334, 338, 337, 337, 
4717, 333, 337, 337, 334, 
4720, 334, 337, 337, 337, 
4722, 333, 338, 337, 337, 
4724, 332, 337, 337, 337, 
4727, 333, 338, 337, 337, 
4729, 334, 337, 337, 337, 
4731, 333, 337, 337, 337, 
4734, 333, 337, 335, 337, 
4737, 333, 338, 337, 338, 
4739, 334, 337, 337, 337, 
4742, 333, 337, 337, 337, 
4744, 334, 337, 337, 337, 
4746, 333, 337, 337, 337, 
4749, 333, 337, 337, 336, 
4751, 334, 337, 337, 337, 
4753, 334, 337, 338, 337, 
4756, 334, 337, 337, 338, 
4758, 334, 337, 338, 337, 
4760, 334, 337, 337, 337, 
4763, 334, 337, 338, 337, 
4765, 334, 337, 338, 337, 
4767, 333, 337, 338, 339, 
4770, 335, 337, 337, 337, 
4772, 334, 337, 338, 336, 
4774, 335, 336, 338, 337, 
4777, 335, 337, 337, 337, 
4780, 335, 336, 338, 337, 
4782, 334, 336, 338, 337, 
4785, 334, 337, 337, 337, 
4787, 334, 336, 338, 336, 
4789, 335, 336, 337, 336, 
4792, 334, 336, 338, 339, 
4794, 334, 336, 338, 337, 
4796, 334, 336, 338, 336, 
4798, 335, 336, 338, 337, 
4801, 335, 336, 338, 336, 
4803, 335, 336, 338, 336, 
4805, 335, 335, 338, 337, 
4808, 336, 335, 339, 336, 
4810, 335, 335, 338, 337, 
4812, 336, 335, 339, 336, 
4815, 335, 335, 338, 337, 
4817, 336, 335, 338, 336, 
4819, 335, 335, 338, 336, 
4823, 335, 335, 338, 337, 
4825, 335, 335, 338, 336, 
4827, 335, 335, 339, 336, 
4830, 335, 336, 338, 337, 
4832, 335, 335, 338, 337, 
4834, 335, 335, 337, 337, 
4837, 334, 336, 336, 338, 
4839, 335, 336, 337, 338, 
4841, 336, 335, 337, 337, 
4844, 335, 336, 339, 338, 
4846, 335, 336, 337, 338, 
4848, 335, 336, 337, 337, 
4851, 334, 336, 337, 338, 
4853, 335, 337, 337, 337, 
4855, 334, 336, 336, 338, 
4858, 334, 336, 337, 337, 
4860, 335, 336, 337, 338, 
4862, 335, 336, 337, 337, 
4866, 334, 336, 336, 338, 
4868, 334, 336, 337, 338, 
4870, 333, 337, 337, 338, 
4873, 334, 337, 337, 338, 
4875, 336, 337, 337, 338, 
4877, 334, 337, 337, 338, 
4880, 334, 337, 337, 338, 
4882, 335, 338, 337, 338, 
4884, 335, 337, 336, 337, 
4886, 335, 337, 336, 337, 
4889, 334, 337, 336, 337, 
4891, 335, 337, 337, 337, 
4893, 335, 337, 336, 339, 
4896, 334, 337, 336, 338, 
4898, 334, 337, 337, 337, 
4900, 334, 337, 336, 337, 
4903, 333, 337, 335, 337, 
4905, 332, 336, 335, 337, 
4908, 333, 337, 336, 337, 
4911, 332, 336, 338, 337, 
4913, 332, 335, 335, 337, 
4915, 333, 335, 335, 337, 
4918, 333, 334, 336, 336, 
4920, 333, 333, 336, 335, 
4922, 335, 332, 337, 336, 
4925, 335, 331, 338, 335, 
4927, 337, 331, 339, 335, 
4929, 338, 329, 341, 335, 
4932, 339, 328, 342, 334, 
4934, 340, 327, 342, 333, 
4936, 341, 326, 343, 334, 
4939, 341, 327, 343, 334, 
4941, 341, 327, 344, 334, 
4943, 341, 327, 343, 333, 
4946, 341, 328, 343, 333, 
4948, 341, 329, 343, 335, 
4951, 341, 329, 342, 334, 
4954, 340, 330, 341, 334, 
4956, 340, 331, 341, 335, 
4958, 339, 332, 340, 334, 
4961, 339, 332, 341, 335, 
4963, 338, 333, 339, 336, 
4965, 338, 333, 339, 335, 
4968, 338, 334, 340, 336, 
4970, 338, 334, 338, 336, 
4972, 338, 335, 339, 336, 
4974, 337, 335, 338, 336, 
4977, 337, 336, 339, 336, 
4979, 337, 335, 338, 336, 
4981, 337, 336, 338, 336, 
4984, 336, 336, 339, 336, 
4986, 336, 336, 338, 336, 
4988, 337, 337, 338, 337, 
4992, 336, 337, 338, 336, 
4994, 336, 337, 337, 336, 
4996, 336, 337, 337, 337, 
4999, 336, 337, 338, 336, 
5001, 336, 338, 337, 336, 
5003, 336, 337, 337, 336, 
5006, 336, 337, 336, 336, 
5008, 336, 337, 336, 335, 
5010, 335, 337, 337, 336, 
5013, 336, 337, 336, 337, 
5015, 336, 337, 336, 336, 
5017, 337, 337, 337, 335, 
5020, 336, 337, 336, 336, 
5022, 335, 337, 336, 336, 
5024, 336, 337, 336, 336, 
5027, 336, 338, 336, 336, 
5029, 335, 337, 337, 337, 
5031, 336, 338, 336, 337, 
5035, 335, 339, 336, 336, 
5037, 335, 337, 336, 336, 
5039, 336, 338, 337, 336, 
5042, 335, 338, 336, 337, 
5044, 336, 339, 336, 337, 
5046, 335, 338, 336, 336, 
5049, 335, 337, 336, 336, 
5051, 336, 337, 335, 336, 
5053, 336, 338, 336, 338, 
5056, 336, 338, 335, 336, 
5058, 336, 338, 336, 337, 
5060, 336, 337, 336, 336, 
5062, 336, 338, 336, 336, 
5065, 336, 337, 336, 336, 
5067, 336, 337, 336, 336, 
5069, 336, 337, 336, 339, 
5072, 336, 337, 336, 336, 
5074, 337, 338, 336, 336, 
5076, 336, 338, 336, 337, 
5080, 336, 337, 337, 336, 
5082, 337, 338, 336, 336, 
5084, 337, 337, 336, 336, 
5087, 336, 337, 339, 336, 
5089, 337, 336, 336, 336, 
5091, 337, 337, 336, 336, 
5094, 337, 338, 337, 337, 
5096, 337, 337, 336, 336, 
5098, 337, 337, 337, 336, 
5101, 337, 336, 336, 336, 
5103, 337, 339, 337, 336, 
5105, 337, 337, 337, 336, 
5108, 337, 336, 337, 336, 
5110, 337, 337, 337, 336, 
5112, 337, 336, 337, 336, 
5115, 338, 336, 337, 336, 
5117, 337, 336, 337, 336, 
5120, 340, 336, 337, 336, 
5123, 337, 335, 337, 337, 
5125, 338, 335, 337, 337, 
5127, 338, 335, 337, 336, 
5130, 337, 336, 337, 336, 
5132, 337, 335, 338, 336, 
5134, 337, 336, 338, 335, 
5137, 337, 336, 337, 336, 
5139, 337, 335, 337, 336, 
5141, 337, 336, 337, 336, 
5144, 337, 335, 338, 336, 
5146, 338, 335, 338, 336, 
5148, 338, 335, 338, 336, 
5150, 338, 335, 338, 336, 
5153, 338, 335, 338, 336, 
5155, 339, 334, 338, 336, 
5157, 339, 335, 338, 336, 
5160, 339, 334, 339, 337, 
5163, 338, 333, 338, 335, 
5165, 339, 333, 339, 335, 
5168, 339, 333, 339, 335, 
5170, 338, 333, 338, 336, 
5172, 338, 333, 338, 337, 
5175, 338, 333, 340, 335, 
5177, 338, 334, 339, 335, 
5179, 337, 333, 339, 335, 
5182, 339, 334, 340, 335, 
5184, 338, 333, 339, 335, 
5186, 339, 334, 340, 335, 
5189, 339, 334, 338, 336, 
5191, 338, 334, 339, 335, 
5193, 338, 333, 339, 335, 
5196, 339, 334, 339, 335, 
5198, 338, 335, 339, 335, 
5200, 338, 335, 338, 336, 
5203, 338, 334, 338, 335, 
5206, 338, 334, 338, 334, 
5208, 338, 334, 338, 334, 
5211, 338, 335, 338, 334, 
5213, 338, 335, 339, 335, 
5215, 338, 335, 338, 334, 
5218, 338, 335, 338, 335, 
5220, 337, 335, 338, 333, 
5222, 337, 336, 338, 334, 
5225, 337, 336, 338, 334, 
5227, 337, 336, 339, 334, 
5229, 337, 336, 338, 334, 
5231, 337, 336, 338, 334, 
5234, 337, 336, 338, 335, 
5236, 337, 336, 338, 333, 
5238, 337, 336, 338, 333, 
5241, 337, 337, 338, 333, 
5243, 337, 336, 338, 333, 
5245, 337, 337, 338, 334, 
5249, 337, 337, 338, 335, 
5251, 336, 337, 338, 334, 
5253, 336, 337, 338, 333, 
5256, 336, 338, 338, 334, 
5258, 337, 338, 338, 334, 
5260, 336, 339, 338, 334, 
5263, 336, 338, 341, 335, 
5265, 336, 338, 338, 334, 
5267, 336, 338, 338, 334, 
5270, 336, 338, 338, 335, 
5272, 336, 338, 338, 334, 
5274, 336, 338, 338, 334, 
5277, 336, 338, 338, 336, 
5279, 336, 341, 338, 335, 
5281, 336, 338, 338, 335, 
5284, 336, 338, 337, 334, 
5286, 335, 338, 338, 335, 
5288, 335, 337, 338, 334, 
5292, 335, 338, 337, 335, 
5294, 336, 337, 338, 335, 
5296, 336, 338, 338, 335, 
5299, 335, 337, 338, 334, 
5301, 336, 336, 338, 334, 
5303, 335, 336, 338, 334, 
5306, 335, 337, 337, 334, 
5308, 336, 336, 337, 334, 
5310, 335, 337, 338, 333, 
5313, 335, 336, 337, 333, 
5315, 335, 337, 337, 334, 
5317, 336, 336, 337, 334, 
5319, 335, 336, 337, 334, 
5322, 335, 336, 337, 334, 
5324, 334, 336, 338, 334, 
5326, 335, 336, 337, 335, 
5329, 335, 337, 337, 334, 
5331, 334, 336, 337, 334, 
5334, 334, 336, 337, 334, 
5337, 334, 336, 339, 334, 
5339, 334, 336, 338, 334, 
5341, 335, 336, 338, 334, 
5344, 334, 336, 338, 334, 
5346, 334, 336, 338, 335, 
5348, 335, 336, 338, 338, 
5351, 335, 336, 338, 334, 
5353, 334, 336, 338, 334, 
5355, 335, 335, 338, 334, 
5358, 334, 335, 338, 335, 
5360, 333, 335, 338, 333, 
5362, 333, 335, 338, 333, 
5365, 334, 336, 341, 333, 
5367, 333, 335, 337, 333, 
5369, 334, 335, 338, 332, 
5372, 333, 334, 338, 332, 
5374, 333, 334, 338, 332, 
5377, 333, 336, 338, 333, 
5380, 333, 334, 338, 332, 
5382, 333, 337, 338, 333, 
5384, 332, 334, 338, 332, 
5387, 333, 334, 338, 331, 
5389, 332, 334, 339, 331, 
5391, 333, 334, 338, 331, 
5394, 333, 334, 338, 331, 
5396, 332, 334, 339, 331, 
5398, 333, 334, 338, 330, 
5401, 332, 334, 339, 330, 
5403, 332, 334, 338, 330, 
5405, 332, 333, 338, 330, 
5407, 331, 333, 338, 331, 
5410, 332, 333, 339, 330, 
5412, 332, 333, 339, 330, 
5414, 332, 334, 339, 331, 
5417, 332, 333, 339, 330, 
5420, 331, 333, 338, 330, 
5422, 332, 332, 338, 330, 
5425, 332, 333, 339, 329, 
5427, 332, 333, 339, 329, 
5429, 333, 333, 339, 329, 
5432, 332, 333, 338, 330, 
5434, 332, 333, 339, 329, 
5436, 332, 332, 339, 329, 
5439, 332, 332, 339, 329, 
5441, 332, 332, 340, 328, 
5443, 332, 331, 340, 328, 
5446, 332, 331, 339, 328, 
5448, 332, 331, 340, 328, 
5450, 331, 331, 340, 327, 
5453, 332, 331, 339, 327, 
5455, 332, 333, 340, 328, 
5457, 331, 330, 340, 328, 
5460, 332, 331, 340, 328, 
5463, 331, 331, 340, 330, 
5465, 332, 330, 340, 328, 
5468, 331, 330, 338, 328, 
5470, 331, 330, 339, 328, 
5472, 334, 330, 340, 328, 
5475, 331, 331, 339, 329, 
5477, 331, 330, 339, 330, 
5479, 330, 330, 339, 328, 
5482, 330, 330, 339, 329, 
5484, 330, 330, 339, 329, 
5486, 330, 330, 339, 328, 
5489, 330, 330, 338, 329, 
5491, 330, 330, 339, 329, 
5493, 330, 331, 339, 329, 
5495, 330, 330, 339, 329, 
5498, 330, 330, 339, 328, 
5500, 328, 330, 339, 329, 
5502, 329, 330, 339, 329, 
5506, 330, 330, 338, 329, 
5508, 330, 330, 339, 328, 
5510, 329, 331, 339, 328, 
5513, 329, 330, 339, 328, 
5515, 330, 330, 339, 328, 
5517, 329, 330, 339, 329, 
5520, 329, 330, 339, 329, 
5522, 329, 331, 339, 328, 
5524, 329, 330, 339, 333, 
5527, 329, 330, 339, 329, 
5529, 329, 330, 339, 328, 
5531, 329, 329, 339, 328, 
5534, 330, 330, 340, 328, 
5536, 329, 329, 339, 328, 
5538, 329, 329, 339, 328, 
5541, 330, 330, 342, 328, 
5543, 330, 329, 340, 328, 
5545, 329, 330, 339, 328, 
5549, 329, 330, 339, 329, 
5551, 329, 330, 339, 329, 
5553, 328, 330, 339, 328, 
5556, 328, 330, 338, 329, 
5558, 328, 329, 338, 329, 
5560, 328, 329, 339, 328, 
5563, 328, 329, 338, 328, 
5565, 329, 327, 339, 328, 
5567, 329, 325, 340, 328, 
5570, 330, 325, 340, 327, 
5572, 331, 323, 342, 327, 
5574, 335, 322, 343, 327, 
5577, 333, 322, 344, 327, 
5579, 335, 321, 345, 327, 
5581, 336, 320, 347, 326, 
5583, 338, 319, 347, 327, 
5586, 337, 320, 348, 327, 
5588, 338, 319, 347, 326, 
5591, 338, 320, 347, 326, 
5594, 338, 320, 347, 326, 
5596, 338, 321, 347, 326, 
5598, 339, 321, 346, 328, 
5601, 337, 322, 346, 326, 
5603, 336, 323, 345, 326, 
5605, 335, 323, 346, 326, 
5608, 336, 323, 345, 326, 
5610, 337, 324, 346, 326, 
5612, 336, 324, 345, 326, 
5615, 336, 324, 346, 326, 
5617, 335, 324, 344, 326, 
5619, 335, 325, 344, 326, 
5622, 334, 324, 343, 326, 
5624, 335, 325, 344, 326, 
5626, 336, 324, 343, 327, 
5629, 335, 325, 344, 325, 
5632, 335, 325, 344, 326, 
5634, 335, 325, 343, 326, 
5637, 335, 325, 343, 326, 
5639, 335, 325, 344, 326, 
5641, 337, 325, 343, 326, 
5644, 336, 326, 343, 326, 
5646, 336, 326, 343, 326, 
5648, 336, 326, 343, 327, 
5651, 335, 325, 343, 326, 
5653, 336, 325, 343, 326, 
5655, 336, 327, 343, 327, 
5658, 336, 326, 343, 326, 
5660, 336, 325, 343, 326, 
5662, 336, 326, 342, 326, 
5665, 337, 326, 342, 326, 
5667, 336, 326, 343, 328, 
5669, 336, 326, 342, 326, 
5671, 336, 326, 342, 327, 
5675, 336, 326, 342, 327, 
5677, 337, 327, 343, 327, 
5679, 336, 327, 342, 327, 
5682, 336, 327, 342, 327, 
5684, 336, 327, 342, 327, 
5686, 336, 327, 342, 327, 
5689, 336, 327, 342, 327, 
5691, 337, 327, 342, 327, 
5693, 338, 327, 341, 327, 
5696, 337, 327, 342, 327, 
5698, 337, 327, 342, 327, 
5700, 337, 327, 342, 327, 
5703, 337, 328, 341, 327, 
5705, 337, 328, 342, 327, 
5707, 337, 327, 342, 327, 
5710, 338, 327, 342, 327, 
5712, 336, 326, 341, 327, 
5714, 338, 327, 342, 327, 
5718, 338, 327, 342, 328, 
5720, 338, 327, 342, 327, 
5722, 338, 327, 341, 327, 
5725, 338, 327, 341, 328, 
5727, 339, 327, 341, 327, 
5729, 338, 327, 341, 327, 
5732, 338, 328, 341, 328, 
5734, 339, 331, 341, 329, 
5736, 339, 328, 341, 327, 
5739, 339, 327, 340, 327, 
5741, 338, 327, 340, 327, 
5743, 339, 326, 340, 327, 
5746, 339, 326, 337, 328, 
5748, 339, 326, 340, 328, 
5750, 343, 326, 339, 328, 
5753, 339, 326, 339, 328, 
5755, 339, 325, 340, 327, 
5757, 339, 325, 340, 328, 
5760, 339, 325, 340, 328, 
5763, 340, 324, 340, 329, 
5765, 340, 325, 339, 327, 
5767, 340, 325, 340, 328, 
5770, 340, 325, 339, 328, 
5772, 340, 325, 339, 328, 
5774, 339, 325, 340, 329, 
5777, 340, 325, 339, 329, 
5779, 339, 326, 340, 329, 
5781, 340, 325, 340, 328, 
5784, 340, 325, 339, 329, 
5786, 340, 325, 340, 329, 
5788, 340, 325, 339, 329, 
5791, 340, 325, 339, 329, 
5793, 340, 324, 339, 330, 
5795, 340, 324, 340, 329, 
5798, 340, 324, 339, 329, 
5800, 340, 324, 339, 330, 
5803, 341, 324, 339, 331, 
5806, 341, 323, 341, 329, 
5808, 340, 324, 339, 329, 
5810, 341, 324, 339, 329, 
5813, 341, 324, 339, 330, 
5815, 341, 323, 339, 329, 
5817, 341, 324, 339, 329, 
5820, 341, 324, 338, 330, 
5822, 341, 324, 339, 330, 
5824, 342, 324, 340, 329, 
5827, 341, 324, 339, 329, 
5829, 341, 323, 339, 329, 
5831, 341, 324, 339, 328, 
5834, 341, 323, 339, 329, 
5836, 341, 326, 339, 329, 
5838, 341, 323, 339, 329, 
5840, 341, 324, 338, 329, 
5843, 341, 324, 339, 329, 
5846, 340, 324, 339, 330, 
5848, 341, 324, 338, 330, 
5851, 341, 325, 338, 330, 
5853, 343, 325, 338, 329, 
5855, 341, 326, 338, 330, 
5858, 341, 326, 338, 330, 
5860, 341, 327, 337, 330, 
5862, 341, 327, 337, 330, 
5865, 340, 327, 337, 330, 
5867, 340, 327, 337, 330, 
5869, 341, 328, 336, 330, 
5872, 340, 328, 338, 330, 
5874, 340, 328, 336, 330, 
5876, 340, 329, 336, 331, 
5879, 340, 329, 336, 330, 
5881, 340, 330, 335, 330, 
5883, 340, 330, 336, 331, 
5886, 340, 331, 336, 330, 
5889, 340, 331, 335, 330, 
5891, 339, 331, 336, 330, 
5894, 340, 331, 335, 330, 
5896, 339, 333, 335, 330, 
5898, 340, 332, 334, 329, 
5901, 339, 332, 334, 330, 
5903, 339, 332, 334, 330, 
5905, 339, 332, 334, 330, 
5908, 339, 332, 334, 330, 
5910, 339, 335, 334, 330, 
5912, 339, 333, 334, 329, 
5915, 339, 333, 333, 329, 
5917, 339, 333, 333, 329, 
5919, 339, 333, 333, 331, 
5922, 339, 333, 333, 329, 
5924, 339, 334, 333, 329, 
5926, 339, 334, 333, 329, 
5928, 339, 334, 333, 329, 
5932, 339, 335, 333, 330, 
5934, 339, 335, 333, 329, 
5936, 339, 334, 333, 330, 
5939, 339, 335, 333, 329, 
5941, 340, 334, 332, 330, 
5943, 339, 334, 332, 330, 
5946, 339, 335, 331, 330, 
5948, 339, 336, 332, 330, 
5950, 339, 335, 332, 330, 
5953, 339, 335, 332, 330, 
5955, 338, 335, 333, 330, 
5957, 339, 335, 332, 330, 
5960, 340, 336, 333, 330, 
5962, 339, 336, 332, 331, 
5964, 340, 336, 332, 331, 
5967, 340, 336, 332, 331, 
5969, 339, 336, 332, 331, 
5971, 340, 336, 332, 331, 
5975, 339, 337, 332, 332, 
5977, 340, 337, 332, 332, 
5979, 340, 336, 332, 334, 
5982, 340, 336, 331, 332, 
5984, 340, 336, 332, 332, 
5986, 340, 336, 332, 332, 
5989, 340, 336, 332, 332, 
5991, 340, 336, 332, 332, 
5993, 340, 336, 332, 333, 
5996, 340, 336, 335, 333, 
5998, 341, 336, 332, 333, 
6000, 341, 336, 332, 333, 
6003, 341, 337, 332, 333, 
6005, 341, 336, 332, 333, 
6007, 341, 336, 332, 332, 
6010, 341, 336, 332, 333, 
6012, 342, 339, 332, 333, 
6014, 342, 336, 332, 333, 
6017, 341, 336, 332, 333, 
6020, 341, 337, 332, 333, 
6022, 341, 335, 332, 333, 
6024, 341, 336, 332, 333, 
6027, 342, 335, 332, 333, 
6029, 344, 335, 332, 333, 
6031, 342, 335, 332, 334, 
6034, 342, 335, 332, 333, 
6036, 341, 335, 332, 333, 
6038, 343, 335, 332, 333, 
6041, 342, 334, 333, 333, 
6043, 342, 334, 332, 334, 
6045, 343, 335, 333, 334, 
6048, 342, 335, 332, 333, 
6050, 342, 334, 333, 334, 
6052, 343, 335, 332, 334, 
6055, 343, 335, 332, 334, 
6057, 343, 335, 332, 334, 
6060, 343, 335, 332, 335, 
6063, 344, 334, 332, 334, 
6065, 344, 334, 332, 334, 
6067, 344, 334, 332, 335, 
6070, 345, 334, 332, 334, 
6072, 344, 334, 332, 335, 
6074, 344, 334, 332, 335, 
6077, 344, 334, 333, 335, 
6079, 344, 334, 332, 336, 
6081, 345, 334, 332, 337, 
6084, 345, 334, 332, 336, 
6086, 345, 334, 332, 336, 
6088, 345, 334, 332, 336, 
6091, 345, 334, 332, 336, 
6093, 345, 334, 332, 337, 
6095, 346, 334, 332, 336, 
6098, 345, 334, 333, 337, 
6100, 346, 333, 331, 338, 
6103, 346, 334, 331, 337, 
6105, 346, 333, 331, 337, 
6108, 347, 333, 332, 337, 
6110, 346, 333, 331, 337, 
6112, 346, 332, 331, 338, 
6115, 347, 333, 331, 337, 
6117, 346, 333, 331, 338, 
6119, 346, 333, 330, 337, 
6122, 346, 333, 330, 338, 
6124, 346, 333, 331, 338, 
6126, 347, 333, 330, 338, 
6129, 346, 334, 330, 338, 
6131, 346, 334, 330, 339, 
6133, 347, 334, 330, 339, 
6136, 346, 334, 330, 339, 
6138, 347, 334, 330, 341, 
6140, 347, 333, 330, 340, 
6144, 347, 334, 331, 340, 
6146, 347, 334, 330, 340, 
6148, 347, 334, 330, 340, 
6151, 346, 334, 329, 340, 
6153, 347, 335, 329, 342, 
6155, 347, 334, 330, 342, 
6158, 347, 335, 330, 341, 
6160, 347, 336, 330, 341, 
6162, 347, 336, 330, 341, 
6165, 347, 335, 329, 341, 
6167, 347, 336, 329, 342, 
6169, 347, 336, 329, 342, 
6172, 347, 336, 331, 342, 
6174, 348, 336, 329, 342, 
6176, 347, 337, 330, 343, 
6179, 347, 337, 329, 343, 
6181, 347, 337, 329, 343, 
6183, 347, 337, 329, 343, 
6187, 346, 338, 328, 343, 
6189, 345, 339, 328, 344, 
6191, 345, 338, 328, 344, 
6193, 344, 338, 328, 344, 
6196, 345, 339, 327, 344, 
6198, 345, 338, 327, 344, 
6200, 345, 338, 328, 344, 
6203, 346, 336, 328, 344, 
6205, 349, 335, 329, 344, 
6207, 347, 334, 330, 344, 
6210, 348, 333, 332, 344, 
6212, 350, 332, 332, 344, 
6214, 350, 331, 333, 343, 
6217, 352, 329, 334, 344, 
6219, 353, 329, 336, 343, 
6221, 353, 328, 336, 343, 
6224, 354, 328, 336, 343, 
6226, 354, 329, 336, 342, 
6228, 354, 329, 336, 343, 
6232, 355, 329, 336, 342, 
6234, 353, 331, 336, 343, 
6236, 354, 331, 335, 343, 
6239, 353, 332, 335, 342, 
6241, 353, 332, 335, 343, 
6243, 353, 333, 334, 343, 
6246, 352, 334, 334, 343, 
6248, 352, 334, 334, 343, 
6250, 353, 334, 333, 342, 
6253, 352, 335, 333, 343, 
6255, 352, 335, 333, 343, 
6257, 352, 335, 333, 345, 
6260, 352, 336, 332, 342, 
6262, 352, 336, 333, 342, 
6264, 352, 336, 332, 342, 
6267, 351, 337, 332, 343, 
6269, 352, 337, 332, 343, 
6272, 351, 337, 334, 343, 
6275, 352, 338, 333, 343, 
6277, 351, 339, 332, 343, 
6279, 351, 338, 332, 343, 
6281, 351, 339, 332, 343, 
6284, 351, 340, 333, 343, 
6286, 351, 340, 332, 344, 
6288, 351, 340, 332, 344, 
6291, 351, 344, 332, 343, 
6293, 351, 341, 332, 343, 
6295, 350, 341, 332, 343, 
6298, 351, 341, 332, 343, 
6300, 351, 341, 332, 343, 
6302, 350, 341, 332, 344, 
6305, 350, 341, 332, 343, 
6307, 351, 342, 332, 343, 
6309, 350, 342, 332, 344, 
6312, 351, 343, 332, 344, 
6315, 350, 342, 332, 344, 
6317, 350, 343, 332, 344, 
6320, 350, 342, 333, 344, 
6322, 350, 342, 332, 344, 
6324, 350, 342, 333, 345, 
6327, 350, 342, 333, 344, 
6329, 351, 342, 334, 344, 
6331, 351, 342, 333, 345, 
6334, 350, 343, 333, 345, 
6336, 350, 343, 334, 345, 
6338, 350, 342, 333, 345, 
6341, 350, 342, 334, 345, 
6343, 350, 342, 334, 344, 
6345, 350, 342, 334, 346, 
6348, 350, 342, 335, 345, 
6350, 349, 343, 334, 345, 
6352, 351, 343, 335, 345, 
6355, 349, 343, 335, 345, 
6358, 351, 343, 334, 345, 
6360, 350, 343, 336, 346, 
6363, 350, 343, 335, 346, 
6365, 350, 347, 335, 346, 
6367, 349, 343, 335, 345, 
6369, 350, 342, 335, 346, 
6372, 350, 344, 335, 346, 
6374, 350, 342, 335, 346, 
6376, 350, 343, 333, 346, 
6379, 350, 343, 335, 347, 
6381, 351, 344, 335, 346, 
6383, 350, 343, 335, 346, 
6386, 351, 343, 335, 346, 
6388, 351, 343, 335, 347, 
6390, 350, 344, 335, 347, 
6393, 350, 342, 335, 347, 
6395, 349, 344, 334, 347, 
6397, 350, 343, 334, 348, 
6401, 350, 344, 335, 348, 
6403, 350, 344, 334, 348, 
6405, 349, 343, 335, 347, 
6408, 350, 344, 335, 348, 
6410, 350, 344, 334, 347, 
6412, 350, 343, 335, 348, 
6415, 350, 343, 335, 348, 
6417, 350, 343, 335, 348, 
6419, 350, 342, 335, 347, 
6422, 350, 343, 335, 348, 
6424, 350, 342, 336, 348, 
6426, 350, 342, 335, 348, 
6429, 350, 343, 335, 348, 
6431, 350, 342, 335, 348, 
6433, 351, 342, 335, 348, 
6436, 351, 342, 335, 348, 
6438, 350, 343, 336, 349, 
6440, 350, 342, 336, 348, 
6444, 350, 342, 336, 348, 
6446, 350, 341, 336, 348, 
6448, 351, 341, 336, 348, 
6450, 349, 341, 339, 348, 
6453, 350, 340, 336, 349, 
6455, 351, 340, 336, 348, 
6457, 350, 341, 336, 348, 
6460, 351, 342, 336, 349, 
6462, 351, 341, 336, 348, 
6464, 350, 340, 336, 349, 
6467, 352, 342, 336, 349, 
6469, 350, 341, 336, 350, 
6471, 351, 341, 336, 349, 
6474, 351, 341, 337, 350, 
6476, 350, 341, 337, 350, 
6478, 351, 341, 336, 350, 
6481, 351, 341, 336, 350, 
6483, 351, 342, 337, 350, 
6486, 349, 341, 336, 350, 
6489, 349, 343, 336, 351, 
6491, 350, 342, 337, 351, 
6493, 349, 342, 336, 351, 
6496, 349, 342, 336, 352, 
6498, 349, 343, 336, 351, 
6500, 349, 342, 336, 350, 
6503, 349, 342, 335, 351, 
6505, 349, 342, 336, 351, 
6507, 348, 342, 336, 351, 
6510, 348, 343, 337, 350, 
6512, 349, 343, 336, 351, 
6514, 349, 344, 335, 351, 
6517, 347, 343, 336, 351, 
6519, 348, 343, 336, 351, 
6521, 348, 343, 336, 351, 
6524, 347, 343, 337, 352, 
6526, 347, 343, 336, 352, 
6529, 349, 344, 336, 353, 
6532, 347, 344, 336, 352, 
6534, 348, 345, 335, 352, 
6536, 347, 344, 336, 353, 
6538, 347, 345, 336, 352, 
6541, 348, 345, 336, 352, 
6543, 348, 345, 336, 352, 
6545, 347, 345, 336, 353, 
6548, 347, 346, 336, 354, 
6550, 348, 346, 336, 353, 
6552, 347, 346, 337, 354, 
6555, 347, 346, 335, 353, 
6557, 348, 346, 336, 355, 
6559, 347, 346, 336, 353, 
6562, 346, 346, 336, 353, 
6564, 347, 346, 335, 353, 
6566, 347, 346, 336, 353, 
6569, 348, 346, 336, 353, 
6572, 347, 347, 337, 354, 
6574, 347, 346, 336, 353, 
6577, 347, 347, 336, 353, 
6579, 347, 347, 336, 354, 
6581, 347, 347, 336, 353, 
6584, 347, 347, 336, 354, 
6586, 346, 347, 336, 354, 
6588, 347, 347, 336, 354, 
6591, 347, 347, 337, 354, 
6593, 347, 348, 337, 355, 
6595, 346, 348, 337, 354, 
6598, 346, 347, 337, 354, 
6600, 347, 347, 337, 354, 
6602, 346, 347, 337, 354, 
6605, 346, 347, 337, 355, 
6607, 346, 347, 337, 355, 
6609, 346, 347, 337, 355, 
6612, 346, 347, 337, 354, 
6615, 346, 348, 338, 354, 
6617, 346, 347, 337, 354, 
6620, 345, 347, 338, 354, 
6622, 347, 348, 339, 354, 
6624, 345, 348, 338, 354, 
6626, 345, 348, 338, 354, 
6629, 345, 348, 338, 353, 
6631, 345, 347, 338, 353, 
6633, 345, 348, 339, 354, 
6636, 345, 348, 339, 354, 
6638, 345, 348, 339, 353, 
6640, 345, 347, 339, 353, 
6643, 345, 350, 339, 353, 
6645, 345, 347, 339, 353, 
6647, 345, 348, 339, 353, 
6650, 345, 347, 340, 353, 
6652, 345, 348, 340, 354, 
6654, 345, 348, 339, 353, 
6658, 346, 347, 340, 353, 
6660, 345, 348, 340, 353, 
6662, 345, 348, 340, 355, 
6665, 345, 349, 341, 354, 
6667, 346, 349, 341, 354, 
6669, 345, 349, 341, 353, 
6672, 345, 349, 341, 353, 
6674, 344, 349, 340, 353, 
6676, 344, 350, 342, 353, 
6679, 344, 349, 341, 354, 
6681, 344, 350, 341, 354, 
6683, 344, 351, 341, 354, 
6686, 344, 350, 343, 354, 
6688, 343, 351, 342, 353, 
6690, 344, 351, 342, 354, 
6693, 344, 351, 342, 353, 
6695, 345, 351, 343, 354, 
6697, 344, 351, 343, 353, 
6701, 344, 352, 343, 353, 
6703, 344, 352, 343, 353, 
6705, 345, 351, 343, 353, 
6708, 345, 352, 343, 353, 
6710, 345, 352, 343, 353, 
6712, 344, 352, 343, 355, 
6714, 345, 353, 344, 352, 
6717, 344, 353, 343, 353, 
6719, 344, 353, 343, 352, 
6721, 344, 354, 343, 352, 
6724, 344, 354, 344, 352, 
6726, 344, 354, 344, 352, 
6728, 344, 354, 344, 351, 
6731, 343, 355, 343, 352, 
6733, 344, 355, 343, 351, 
6735, 344, 355, 344, 352, 
6738, 343, 355, 343, 351, 
6740, 343, 355, 343, 351, 
6743, 343, 355, 344, 351, 
6746, 342, 358, 344, 351, 
6748, 343, 356, 342, 350, 
6750, 342, 356, 343, 351, 
6753, 343, 356, 343, 351, 
6755, 343, 356, 344, 350, 
6757, 342, 356, 343, 351, 
6760, 343, 357, 343, 351, 
6762, 345, 357, 343, 350, 
6764, 343, 357, 343, 351, 
6767, 342, 357, 343, 350, 
6769, 343, 358, 342, 350, 
6771, 343, 358, 343, 350, 
6774, 343, 358, 343, 351, 
6776, 344, 358, 343, 351, 
6778, 342, 359, 343, 351, 
6781, 343, 358, 344, 350, 
6784, 343, 358, 343, 351, 
6786, 343, 359, 343, 351, 
6789, 342, 359, 343, 351, 
6791, 343, 359, 343, 351, 
6793, 343, 359, 344, 350, 
6796, 343, 359, 343, 351, 
6798, 343, 359, 342, 351, 
6800, 343, 359, 343, 351, 
6802, 343, 359, 343, 352, 
6805, 343, 360, 342, 351, 
6807, 343, 360, 343, 351, 
6809, 342, 360, 342, 351, 
6812, 343, 360, 342, 351, 
6814, 342, 359, 342, 354, 
6816, 342, 359, 341, 351, 
6819, 343, 361, 342, 351, 
6821, 343, 357, 342, 350, 
6823, 345, 356, 343, 350, 
6827, 345, 355, 344, 350, 
6829, 346, 353, 345, 350, 
6831, 347, 353, 346, 349, 
6834, 349, 352, 346, 349, 
6836, 351, 352, 348, 349, 
6838, 350, 351, 348, 350, 
6841, 351, 351, 348, 349, 
6843, 353, 352, 348, 349, 
6845, 351, 352, 348, 350, 
6848, 352, 352, 348, 350, 
6850, 351, 354, 348, 351, 
6852, 351, 353, 348, 350, 
6855, 351, 354, 346, 351, 
6857, 350, 356, 346, 351, 
6859, 350, 356, 345, 352, 
6862, 349, 357, 345, 351, 
6864, 349, 358, 345, 352, 
6866, 349, 358, 344, 353, 
6870, 349, 358, 344, 352, 
6872, 348, 359, 343, 352, 
6874, 349, 359, 343, 352, 
6877, 348, 360, 343, 353, 
6879, 348, 360, 343, 353, 
6881, 349, 361, 343, 353, 
6884, 348, 361, 342, 353, 
6886, 348, 361, 342, 353, 
6888, 348, 361, 341, 356, 
6890, 347, 362, 342, 354, 
6893, 348, 362, 341, 354, 
6895, 348, 362, 341, 355, 
6897, 348, 363, 341, 354, 
6900, 348, 362, 341, 354, 
6902, 347, 362, 341, 355, 
6904, 348, 362, 341, 353, 
6907, 347, 363, 340, 355, 
6909, 348, 363, 340, 355, 
6912, 347, 363, 341, 356, 
6915, 347, 363, 340, 356, 
6917, 347, 364, 339, 356, 
6919, 347, 363, 340, 356, 
6922, 347, 364, 340, 356, 
6924, 347, 363, 340, 356, 
6926, 348, 363, 340, 356, 
6929, 347, 364, 340, 356, 
6931, 348, 364, 340, 356, 
6933, 346, 365, 339, 356, 
6936, 347, 364, 340, 356, 
6938, 348, 365, 340, 356, 
6940, 346, 365, 340, 356, 
6943, 347, 365, 340, 356, 
6945, 346, 366, 340, 357, 
6947, 347, 365, 339, 356, 
6950, 346, 365, 340, 356, 
6952, 347, 366, 340, 356, 
6955, 346, 365, 339, 356, 
6958, 347, 365, 341, 356, 
6960, 347, 365, 340, 356, 
6962, 346, 366, 339, 356, 
6965, 345, 365, 339, 356, 
6967, 346, 366, 339, 356, 
6969, 347, 365, 339, 355, 
6972, 346, 366, 339, 356, 
6974, 347, 366, 339, 355, 
6976, 346, 365, 339, 355, 
6978, 347, 365, 339, 356, 
6981, 347, 367, 339, 356, 
6983, 347, 365, 339, 356, 
6985, 347, 365, 339, 355, 
6988, 348, 365, 339, 355, 
6990, 347, 364, 338, 359, 
6992, 347, 364, 339, 355, 
6995, 347, 365, 339, 355, 
6998, 347, 364, 339, 355, 
7000, 347, 364, 339, 355, 
7003, 347, 363, 338, 356, 
7005, 348, 363, 338, 354, 
7007, 347, 363, 341, 355, 
7010, 348, 364, 338, 354, 
7012, 348, 363, 338, 355, 
7014, 348, 363, 338, 354, 
7017, 348, 363, 338, 354, 
7019, 347, 364, 338, 354, 
7021, 347, 362, 338, 354, 
7024, 347, 361, 338, 353, 
7026, 348, 361, 337, 354, 
7028, 348, 361, 338, 353, 
7031, 347, 361, 338, 353, 
7033, 348, 361, 339, 352, 
7035, 348, 361, 339, 353, 
7038, 347, 361, 339, 353, 
7041, 347, 361, 338, 353, 
7043, 348, 362, 339, 354, 
7046, 348, 361, 340, 353, 
7048, 348, 360, 339, 353, 
7050, 348, 361, 339, 354, 
7053, 347, 361, 339, 353, 
7055, 348, 361, 339, 354, 
7057, 348, 360, 340, 354, 
7059, 349, 360, 339, 353, 
7062, 348, 360, 339, 354, 
7064, 348, 359, 340, 355, 
7066, 348, 360, 339, 354, 
7069, 348, 360, 339, 353, 
7071, 347, 360, 340, 354, 
7073, 348, 359, 340, 354, 
7076, 347, 359, 340, 354, 
7078, 347, 359, 341, 353, 
7080, 348, 359, 340, 353, 
7084, 348, 358, 340, 353, 
7086, 347, 358, 340, 353, 
7088, 347, 358, 339, 353, 
7091, 347, 358, 340, 353, 
7093, 347, 357, 340, 353, 
7095, 347, 358, 340, 353, 
7098, 347, 358, 339, 353, 
7100, 347, 357, 340, 352, 
7102, 346, 356, 340, 352, 
7105, 346, 357, 340, 352, 
7107, 347, 357, 340, 352, 
7109, 346, 356, 340, 352, 
7112, 347, 357, 341, 352, 
7114, 349, 357, 340, 352, 
7116, 346, 357, 340, 353, 
7119, 346, 357, 340, 352, 
7121, 346, 357, 340, 351, 
7123, 346, 357, 340, 351, 
7127, 347, 357, 340, 351, 
7129, 345, 357, 339, 351, 
7131, 346, 358, 339, 351, 
7134, 345, 357, 339, 351, 
7136, 345, 358, 339, 351, 
7138, 345, 358, 339, 350, 
7141, 345, 357, 339, 351, 
7143, 345, 358, 339, 350, 
7145, 346, 357, 339, 350, 
7147, 345, 358, 339, 350, 
7150, 345, 358, 339, 349, 
7152, 344, 358, 338, 350, 
7154, 345, 358, 339, 350, 
7157, 345, 358, 338, 350, 
7159, 345, 358, 338, 350, 
7161, 344, 359, 338, 349, 
7164, 344, 360, 338, 349, 
7166, 344, 359, 338, 352, 
7169, 344, 359, 338, 349, 
7172, 344, 361, 338, 350, 
7174, 344, 360, 338, 350, 
7176, 343, 361, 338, 350, 
7179, 344, 361, 338, 351, 
7181, 345, 361, 338, 350, 
7183, 343, 361, 340, 350, 
7186, 343, 361, 337, 350, 
7188, 344, 362, 338, 350, 
7190, 344, 361, 338, 350, 
7193, 344, 361, 337, 350, 
7195, 343, 362, 338, 349, 
7197, 344, 362, 338, 350, 
7200, 344, 365, 338, 350, 
7202, 344, 361, 338, 350, 
7204, 344, 361, 337, 350, 
7207, 344, 361, 338, 350, 
7209, 345, 361, 340, 350, 
7212, 343, 361, 336, 350, 
7215, 344, 361, 338, 350, 
7217, 347, 361, 337, 350, 
7219, 344, 360, 338, 349, 
7222, 343, 360, 337, 349, 
7224, 344, 360, 337, 350, 
7226, 344, 360, 337, 350, 
7229, 344, 358, 337, 349, 
7231, 345, 359, 337, 349, 
7233, 345, 359, 337, 351, 
7235, 344, 358, 337, 349, 
7238, 344, 359, 337, 349, 
7240, 344, 359, 337, 349, 
7242, 344, 358, 336, 350, 
7245, 344, 359, 336, 351, 
7247, 344, 358, 337, 349, 
7249, 345, 358, 336, 350, 
7252, 344, 359, 336, 351, 
7255, 344, 358, 336, 350, 
7257, 344, 358, 337, 350, 
7260, 344, 358, 336, 350, 
7262, 344, 358, 336, 351, 
7264, 344, 357, 336, 350, 
7267, 345, 358, 335, 350, 
7269, 344, 357, 335, 350, 
7271, 344, 357, 335, 350, 
7274, 344, 358, 335, 350, 
7276, 345, 357, 335, 350, 
7278, 344, 356, 335, 350, 
7281, 344, 358, 335, 350, 
7283, 344, 356, 335, 349, 
7285, 344, 356, 336, 349, 
7288, 344, 355, 335, 349, 
7290, 345, 355, 335, 349, 
7292, 344, 355, 335, 349, 
7296, 345, 355, 335, 349, 
7298, 344, 354, 335, 348, 
7300, 344, 355, 335, 348, 
7303, 344, 354, 335, 348, 
7305, 345, 354, 335, 347, 
7307, 345, 354, 335, 347, 
7310, 345, 353, 335, 347, 
7312, 345, 353, 335, 346, 
7314, 345, 352, 336, 346, 
7317, 345, 352, 336, 346, 
7319, 345, 352, 335, 345, 
7321, 345, 352, 336, 345, 
7323, 345, 351, 336, 345, 
7326, 345, 351, 336, 345, 
7328, 346, 351, 336, 345, 
7330, 346, 351, 336, 345, 
7333, 345, 350, 336, 345, 
7335, 345, 350, 336, 345, 
7337, 345, 349, 335, 346, 
7341, 344, 350, 335, 345, 
7343, 345, 350, 335, 349, 
7345, 345, 349, 335, 344, 
7348, 345, 349, 335, 344, 
7350, 344, 349, 335, 345, 
7352, 344, 349, 334, 344, 
7355, 344, 349, 335, 344, 
7357, 344, 349, 334, 344, 
7359, 343, 349, 336, 344, 
7362, 343, 349, 334, 344, 
7364, 343, 349, 333, 344, 
7366, 343, 349, 333, 344, 
7369, 343, 350, 333, 344, 
7371, 343, 349, 333, 343, 
7373, 342, 348, 333, 344, 
7376, 343, 349, 334, 344, 
7378, 343, 349, 332, 344, 
7380, 343, 348, 334, 344, 
7384, 342, 348, 332, 345, 
7386, 342, 348, 332, 344, 
7388, 342, 348, 332, 344, 
7391, 342, 348, 332, 344, 
7393, 343, 347, 332, 344, 
7395, 342, 347, 332, 344, 
7398, 342, 347, 333, 344, 
7400, 342, 346, 332, 345, 
7402, 342, 346, 332, 343, 
7405, 341, 345, 331, 344, 
7407, 341, 346, 332, 343, 
7409, 342, 345, 332, 344, 
7411, 341, 345, 332, 344, 
7414, 341, 346, 332, 344, 
7416, 341, 345, 332, 344, 
7418, 340, 345, 331, 344, 
7421, 339, 345, 331, 344, 
7424, 340, 346, 331, 344, 
7426, 339, 346, 331, 344, 
7429, 339, 346, 331, 344, 
7431, 338, 346, 330, 344, 
7433, 337, 345, 330, 344, 
7436, 337, 345, 330, 344, 
7438, 337, 343, 329, 343, 
7440, 337, 343, 330, 344, 
7443, 337, 341, 331, 343, 
7445, 338, 340, 331, 345, 
7447, 338, 338, 332, 343, 
7450, 339, 337, 333, 342, 
7452, 341, 336, 335, 341, 
7454, 341, 335, 335, 342, 
7457, 343, 334, 336, 341, 
7459, 343, 332, 337, 341, 
7461, 344, 332, 339, 341, 
7464, 345, 332, 337, 341, 
7467, 344, 333, 337, 341, 
7469, 344, 332, 337, 340, 
7472, 344, 332, 337, 339, 
7474, 343, 332, 336, 338, 
7476, 343, 335, 336, 341, 
7479, 342, 334, 336, 340, 
7481, 341, 334, 335, 340, 
7483, 340, 334, 334, 340, 
7486, 340, 335, 334, 340, 
7488, 340, 335, 333, 340, 
7490, 341, 335, 333, 341, 
7493, 339, 337, 333, 341, 
7495, 339, 340, 333, 341, 
7497, 339, 342, 332, 341, 
7499, 338, 343, 332, 341, 
7502, 338, 343, 333, 342, 
7504, 337, 341, 332, 342, 
7506, 337, 340, 332, 342, 
7510, 337, 340, 332, 342, 
7512, 336, 339, 331, 342, 
7514, 336, 340, 331, 343, 
7517, 336, 339, 331, 344, 
7519, 335, 338, 330, 346, 
7521, 335, 338, 331, 343, 
7524, 335, 338, 331, 343, 
7526, 335, 337, 330, 342, 
7528, 335, 337, 330, 342, 
7531, 334, 337, 330, 343, 
7533, 335, 336, 329, 343, 
7535, 334, 335, 330, 342, 
7538, 334, 335, 329, 342, 
7540, 333, 334, 329, 342, 
7542, 333, 334, 329, 341, 
7545, 333, 334, 329, 341, 
7547, 334, 334, 330, 340, 
7549, 333, 334, 329, 340, 
7553, 333, 334, 329, 340, 
7555, 333, 334, 329, 340, 
7557, 333, 333, 330, 340, 
7560, 333, 333, 329, 340, 
7562, 333, 334, 329, 341, 
7564, 332, 333, 328, 341, 
7567, 332, 332, 330, 340, 
7569, 333, 333, 328, 340, 
7571, 332, 332, 329, 341, 
7574, 332, 332, 328, 340, 
7576, 331, 332, 329, 342, 
7578, 332, 332, 328, 341, 
7581, 331, 331, 329, 341, 
7583, 331, 331, 328, 339, 
7585, 332, 331, 329, 340, 
7587, 331, 330, 328, 340, 
7590, 331, 330, 329, 340, 
7592, 331, 330, 329, 342, 
7595, 331, 330, 329, 340, 
7598, 332, 330, 329, 340, 
7600, 331, 329, 329, 340, 
7602, 331, 329, 329, 340, 
7605, 331, 329, 329, 339, 
7607, 331, 329, 329, 339, 
7609, 332, 329, 329, 339, 
7612, 331, 329, 329, 339, 
7614, 332, 328, 329, 340, 
7616, 331, 328, 328, 340, 
7619, 331, 328, 328, 339, 
7621, 331, 329, 329, 342, 
7623, 331, 328, 328, 340, 
7626, 332, 328, 329, 340, 
7628, 331, 328, 328, 340, 
7630, 331, 327, 329, 340, 
7633, 331, 327, 328, 341, 
7635, 331, 326, 328, 339, 
7638, 331, 326, 330, 339, 
7641, 331, 326, 329, 340, 
7643, 332, 326, 330, 339, 
7645, 331, 325, 328, 340, 
7648, 332, 325, 329, 339, 
7650, 331, 325, 329, 340, 
7652, 331, 324, 329, 339, 
7655, 331, 327, 329, 339, 
7657, 331, 324, 329, 339, 
7659, 331, 325, 330, 339, 
7662, 331, 324, 330, 339, 
7664, 331, 324, 330, 339, 
7666, 331, 323, 328, 339, 
7668, 332, 324, 329, 339, 
7671, 331, 323, 329, 339, 
7673, 331, 322, 330, 339, 
7675, 331, 323, 330, 339, 
7678, 331, 323, 330, 339, 
7681, 331, 322, 329, 338, 
7683, 331, 322, 330, 339, 
7686, 331, 322, 329, 338, 
7688, 331, 322, 329, 338, 
7690, 331, 322, 329, 338, 
7693, 331, 322, 329, 338, 
7695, 331, 321, 330, 338, 
7697, 331, 322, 330, 337, 
7700, 330, 322, 330, 337, 
7702, 331, 321, 330, 338, 
7704, 332, 321, 330, 337, 
7707, 331, 322, 330, 337, 
7709, 331, 321, 330, 337, 
7711, 331, 321, 330, 337, 
7714, 331, 321, 330, 336, 
7716, 331, 322, 330, 336, 
7718, 330, 321, 330, 336, 
7721, 330, 321, 330, 337, 
7724, 331, 321, 330, 340, 
7726, 330, 321, 330, 337, 
7729, 331, 324, 330, 336, 
7731, 331, 321, 330, 336, 
7733, 331, 322, 329, 336, 
7736, 330, 321, 329, 336, 
7738, 330, 321, 329, 336, 
7740, 330, 321, 331, 336, 
7743, 331, 321, 329, 335, 
7745, 332, 322, 329, 335, 
7747, 330, 322, 329, 336, 
7750, 330, 322, 329, 336, 
7752, 330, 323, 329, 335, 
7754, 329, 323, 329, 336, 
7756, 329, 324, 329, 335, 
7759, 329, 324, 329, 335, 
7761, 330, 323, 328, 335, 
7763, 330, 324, 328, 335, 
7767, 329, 324, 329, 336, 
7769, 328, 324, 328, 334, 
7771, 328, 324, 328, 334, 
7774, 327, 325, 329, 333, 
7776, 328, 324, 328, 334, 
7778, 327, 325, 328, 333, 
7781, 328, 325, 328, 334, 
7783, 327, 325, 327, 333, 
7785, 327, 325, 328, 334, 
7788, 327, 325, 328, 333, 
7790, 327, 326, 328, 333, 
7792, 327, 326, 328, 333, 
7795, 326, 328, 328, 333, 
7797, 327, 326, 328, 334, 
7799, 326, 326, 328, 333, 
7802, 325, 326, 328, 332, 
7804, 326, 327, 328, 333, 
7806, 325, 325, 328, 332, 
7810, 325, 326, 328, 332, 
7812, 325, 326, 328, 332, 
7814, 326, 326, 328, 332, 
7817, 325, 326, 327, 332, 
7819, 325, 327, 328, 331, 
7821, 324, 326, 328, 332, 
7824, 325, 326, 328, 332, 
7826, 324, 326, 328, 331, 
7828, 325, 326, 328, 331, 
7831, 324, 327, 329, 331, 
7833, 324, 326, 328, 331, 
7835, 324, 327, 328, 332, 
7838, 324, 326, 329, 331, 
7840, 323, 326, 329, 331, 
7842, 323, 326, 328, 331, 
7844, 323, 327, 329, 330, 
7847, 325, 327, 329, 331, 
7849, 323, 327, 329, 331, 
7852, 323, 327, 329, 331, 
7855, 323, 327, 329, 331, 
7857, 322, 327, 329, 331, 
7859, 322, 326, 330, 331, 
7862, 322, 328, 329, 331, 
7864, 322, 328, 330, 330, 
7866, 321, 327, 329, 331, 
7869, 322, 327, 330, 331, 
7871, 322, 327, 330, 331, 
7873, 323, 327, 330, 331, 
7876, 321, 328, 331, 331, 
7878, 323, 327, 331, 331, 
7880, 321, 327, 330, 331, 
7883, 322, 327, 330, 331, 
7885, 321, 327, 331, 331, 
7887, 321, 327, 331, 332, 
7890, 321, 328, 330, 332, 
7892, 321, 327, 331, 332, 
7895, 321, 328, 331, 331, 
7898, 321, 327, 332, 332, 
7900, 321, 327, 331, 336, 
7902, 320, 328, 331, 332, 
7905, 321, 327, 331, 332, 
7907, 321, 328, 331, 332, 
7909, 320, 328, 331, 331, 
7912, 320, 327, 331, 332, 
7914, 321, 327, 331, 334, 
7916, 320, 327, 333, 333, 
7919, 321, 327, 331, 332, 
7921, 320, 327, 331, 333, 
7923, 320, 328, 331, 333, 
7926, 320, 327, 331, 333, 
7928, 321, 327, 332, 333, 
7930, 320, 327, 331, 333, 
7932, 321, 328, 331, 333, 
7936, 320, 327, 331, 332, 
7938, 320, 327, 332, 333, 
7940, 320, 328, 332, 333, 
7943, 320, 327, 331, 333, 
7945, 320, 327, 332, 332, 
7947, 320, 327, 332, 333, 
7950, 323, 327, 332, 333, 
7952, 320, 327, 332, 333, 
7954, 321, 326, 332, 332, 
7957, 321, 327, 332, 333, 
7959, 321, 327, 332, 333, 
7961, 320, 326, 332, 332, 
7964, 320, 327, 333, 333, 
7966, 321, 327, 332, 333, 
7968, 320, 327, 332, 332, 
7971, 320, 327, 332, 332, 
7973, 320, 327, 333, 333, 
7975, 320, 327, 332, 332, 
7979, 320, 327, 332, 333, 
7981, 320, 328, 332, 333, 
7983, 320, 327, 332, 333, 
7986, 319, 327, 332, 332, 
7988, 319, 327, 332, 333, 
7990, 319, 328, 332, 333, 
7993, 319, 328, 332, 333, 
7995, 319, 328, 332, 331, 
7997, 318, 328, 332, 333, 
8000, 318, 328, 332, 332, 
8002, 318, 328, 332, 332, 
8004, 318, 328, 331, 331, 
8007, 318, 328, 332, 332, 
8009, 318, 328, 331, 331, 
8011, 318, 329, 332, 332, 
8014, 317, 329, 332, 331, 
8016, 317, 329, 331, 331, 
8018, 317, 329, 331, 333, 
8020, 317, 329, 331, 332, 
8024, 319, 330, 331, 331, 
8026, 317, 329, 331, 331, 
8028, 317, 330, 331, 332, 
8031, 317, 330, 331, 332, 
8033, 317, 329, 331, 331, 
8035, 317, 329, 332, 331, 
8038, 318, 329, 331, 332, 
8040, 317, 329, 331, 331, 
8042, 317, 329, 331, 331, 
8045, 318, 329, 331, 331, 
8047, 317, 330, 332, 331, 
8049, 317, 329, 331, 330, 
8052, 316, 329, 332, 330, 
8054, 317, 329, 331, 330, 
8056, 317, 330, 331, 329, 
8059, 317, 330, 332, 329, 
8061, 317, 329, 333, 329, 
8064, 317, 330, 333, 329, 
8067, 316, 330, 331, 330, 
8069, 316, 329, 331, 329, 
8071, 315, 329, 330, 329, 
8074, 315, 329, 331, 330, 
8076, 316, 328, 331, 330, 
8078, 315, 327, 332, 329, 
8081, 317, 327, 333, 329, 
8083, 317, 325, 333, 328, 
8085, 318, 324, 334, 328, 
8088, 320, 322, 336, 328, 
8090, 320, 321, 337, 328, 
8092, 321, 321, 339, 328, 
8095, 322, 320, 339, 327, 
8097, 324, 320, 340, 327, 
8099, 324, 320, 340, 328, 
8102, 325, 320, 340, 328, 
8104, 324, 320, 340, 326, 
8107, 324, 320, 339, 327, 
8109, 324, 324, 340, 327, 
8112, 323, 321, 339, 327, 
8114, 324, 322, 339, 327, 
8116, 323, 322, 339, 327, 
8119, 323, 323, 338, 327, 
8121, 323, 323, 336, 328, 
8123, 323, 324, 338, 328, 
8126, 325, 324, 338, 328, 
8128, 322, 326, 337, 328, 
8130, 322, 326, 338, 329, 
8133, 322, 326, 337, 329, 
8135, 322, 326, 337, 329, 
8137, 321, 327, 337, 329, 
8140, 322, 327, 336, 329, 
8142, 322, 327, 337, 330, 
8144, 321, 327, 337, 330, 
8147, 321, 329, 337, 330, 
8150, 321, 327, 336, 330, 
8152, 320, 328, 336, 330, 
8155, 320, 329, 336, 329, 
8157, 321, 328, 337, 330, 
8159, 321, 330, 336, 330, 
8162, 322, 330, 337, 330, 
8164, 321, 330, 336, 330, 
8166, 322, 332, 335, 330, 
8169, 322, 331, 336, 330, 
8171, 322, 332, 336, 330, 
8173, 321, 332, 336, 331, 
8176, 322, 332, 336, 330, 
8178, 322, 331, 336, 329, 
8180, 321, 330, 336, 331, 
8183, 321, 330, 336, 331, 
8185, 321, 330, 336, 330, 
8187, 321, 329, 336, 330, 
8190, 321, 329, 336, 330, 
8193, 321, 330, 336, 330, 
8195, 321, 329, 338, 330, 
8197, 322, 329, 336, 330, 
8200, 322, 329, 336, 330, 
8202, 322, 329, 336, 331, 
8204, 322, 329, 336, 330, 
8207, 322, 329, 337, 330, 
8209, 322, 329, 336, 330, 
8211, 322, 332, 337, 330, 
8214, 323, 329, 337, 330, 
8216, 323, 328, 337, 330, 
8218, 323, 328, 337, 330, 
8221, 323, 329, 337, 330, 
8223, 323, 329, 337, 330, 
8225, 323, 328, 337, 329, 
8228, 325, 328, 337, 329, 
8230, 323, 328, 337, 330, 
8232, 325, 328, 337, 329, 
8236, 324, 328, 338, 329, 
8238, 324, 328, 337, 329, 
8240, 325, 328, 338, 330, 
8243, 324, 329, 338, 329, 
8245, 324, 328, 339, 329, 
8247, 325, 328, 338, 329, 
8250, 325, 329, 338, 329, 
8252, 324, 329, 339, 330, 
8254, 325, 328, 339, 329, 
8257, 325, 330, 339, 329, 
8259, 325, 328, 339, 329, 
8261, 326, 328, 340, 329, 
8264, 325, 328, 340, 330, 
8266, 325, 328, 340, 329, 
8268, 325, 327, 340, 329, 
8271, 325, 328, 339, 329, 
8273, 326, 327, 340, 329, 
8275, 326, 327, 340, 329, 
8278, 326, 327, 340, 329, 
8281, 326, 327, 340, 327, 
8283, 326, 327, 340, 330, 
8285, 326, 328, 341, 329, 
8288, 327, 326, 340, 329, 
8290, 327, 326, 340, 329, 
8292, 327, 325, 340, 329, 
8295, 327, 326, 341, 329, 
8297, 328, 325, 341, 329, 
8299, 328, 325, 341, 330, 
8302, 330, 325, 341, 330, 
8304, 328, 324, 342, 329, 
8306, 328, 324, 342, 329, 
8309, 328, 324, 343, 329, 
8311, 329, 324, 342, 329, 
8313, 329, 323, 343, 329, 
8316, 328, 324, 343, 329, 
8318, 329, 324, 343, 330, 
8321, 329, 323, 344, 329, 
8324, 329, 323, 343, 329, 
8326, 328, 323, 344, 329, 
8328, 329, 323, 344, 329, 
8331, 328, 324, 344, 329, 
8333, 330, 323, 345, 328, 
8335, 330, 323, 345, 329, 
8338, 330, 323, 346, 329, 
8340, 330, 323, 345, 329, 
8342, 330, 323, 345, 330, 
8345, 330, 323, 345, 329, 
8347, 330, 323, 346, 329, 
8349, 330, 323, 345, 330, 
8352, 330, 323, 346, 329, 
8354, 330, 323, 345, 330, 
8356, 330, 323, 345, 329, 
8359, 330, 325, 346, 330, 
8361, 330, 323, 346, 330, 
8364, 329, 323, 346, 331, 
8366, 329, 323, 346, 331, 
8369, 329, 323, 345, 331, 
8371, 329, 323, 347, 331, 
8373, 330, 323, 346, 331, 
8376, 330, 323, 345, 332, 
8378, 329, 324, 345, 331, 
8380, 330, 323, 345, 331, 
8383, 330, 323, 345, 332, 
8385, 330, 323, 345, 332, 
8387, 329, 325, 345, 332, 
8390, 329, 323, 345, 332, 
8392, 329, 324, 345, 332, 
8394, 329, 324, 345, 333, 
8397, 329, 324, 345, 333, 
8399, 330, 324, 344, 335, 
8401, 329, 324, 345, 333, 
8404, 328, 324, 344, 332, 
8407, 328, 324, 344, 333, 
8409, 329, 324, 345, 333, 
8412, 328, 324, 344, 333, 
8414, 329, 325, 344, 332, 
8416, 330, 324, 343, 332, 
8419, 329, 326, 345, 333, 
8421, 329, 325, 344, 332, 
8423, 329, 326, 344, 332, 
8426, 329, 327, 344, 333, 
8428, 329, 326, 344, 334, 
8430, 329, 326, 345, 333, 
8433, 329, 327, 344, 333, 
8435, 329, 326, 344, 334, 
8437, 329, 326, 345, 333, 
8440, 329, 327, 344, 333, 
8442, 329, 327, 344, 333, 
8444, 329, 327, 344, 334, 
8448, 329, 328, 344, 333, 
8450, 329, 328, 344, 333, 
8452, 329, 327, 344, 333, 
8454, 329, 328, 344, 333, 
8457, 330, 328, 344, 333, 
8459, 329, 328, 344, 334, 
8461, 329, 329, 344, 334, 
8464, 330, 329, 344, 334, 
8466, 329, 328, 343, 333, 
8468, 329, 328, 344, 333, 
8471, 330, 328, 344, 333, 
8473, 329, 328, 343, 333, 
8475, 330, 328, 344, 333, 
8478, 330, 327, 344, 333, 
8480, 330, 328, 344, 333, 
8482, 330, 328, 345, 333, 
8485, 331, 327, 345, 333, 
8487, 330, 328, 344, 333, 
8489, 330, 328, 345, 333, 
8493, 331, 329, 345, 334, 
8495, 331, 329, 345, 333, 
8497, 331, 329, 345, 334, 
8500, 330, 329, 345, 333, 
8502, 331, 329, 344, 333, 
8504, 331, 329, 344, 334, 
8507, 331, 330, 345, 333, 
8509, 331, 329, 345, 333, 
8511, 332, 330, 344, 334, 
8514, 331, 330, 344, 334, 
8516, 331, 330, 344, 333, 
8518, 332, 330, 344, 333, 
8521, 330, 330, 344, 334, 
8523, 331, 330, 344, 335, 
8525, 332, 330, 344, 333, 
8528, 332, 330, 344, 334, 
8530, 332, 330, 344, 334, 
8532, 332, 331, 344, 334, 
8536, 332, 330, 344, 334, 
8538, 332, 330, 344, 334, 
8540, 332, 329, 343, 334, 
8542, 331, 330, 344, 334, 
8545, 332, 330, 344, 334, 
8547, 332, 330, 345, 335, 
8549, 333, 330, 344, 334, 
8552, 332, 330, 344, 334, 
8554, 332, 330, 343, 335, 
8556, 332, 330, 344, 334, 
8559, 332, 330, 343, 334, 
8561, 332, 330, 344, 334, 
8563, 332, 330, 344, 335, 
8566, 332, 330, 345, 334, 
8568, 332, 329, 344, 334, 
8570, 332, 330, 344, 335, 
8573, 332, 330, 344, 335, 
8576, 333, 330, 344, 335, 
8578, 333, 330, 343, 335, 
8581, 335, 330, 344, 335, 
8583, 333, 330, 344, 335, 
8585, 333, 330, 344, 335, 
8588, 333, 330, 344, 334, 
8590, 333, 331, 344, 335, 
8592, 333, 330, 344, 334, 
8595, 334, 329, 344, 334, 
8597, 334, 329, 344, 334, 
8599, 334, 329, 344, 336, 
8602, 334, 330, 344, 335, 
8604, 334, 329, 344, 334, 
8606, 334, 329, 344, 334, 
8609, 333, 330, 344, 334, 
8611, 334, 330, 344, 334, 
8613, 334, 330, 344, 334, 
8616, 334, 329, 345, 334, 
8619, 334, 329, 344, 334, 
8621, 334, 330, 344, 334, 
8624, 334, 329, 344, 333, 
8626, 335, 330, 344, 333, 
8628, 334, 330, 344, 333, 
8630, 334, 330, 344, 333, 
8633, 334, 330, 344, 333, 
8635, 335, 330, 343, 333, 
8637, 334, 330, 343, 333, 
8640, 333, 331, 343, 334, 
8642, 334, 330, 343, 333, 
8644, 333, 330, 343, 333, 
8647, 333, 331, 343, 333, 
8649, 333, 331, 342, 333, 
8651, 333, 331, 343, 333, 
8654, 334, 331, 342, 333, 
8656, 333, 331, 342, 333, 
8658, 333, 331, 342, 334, 
8662, 334, 331, 343, 333, 
8664, 334, 332, 342, 333, 
8666, 333, 333, 341, 333, 
8669, 333, 332, 341, 333, 
8671, 334, 332, 339, 332, 
8673, 333, 332, 340, 332, 
8676, 332, 332, 341, 332, 
8678, 334, 332, 341, 332, 
8680, 333, 332, 340, 332, 
8683, 333, 333, 340, 332, 
8685, 334, 332, 340, 332, 
8687, 334, 333, 340, 332, 
8690, 334, 333, 340, 332, 
8692, 335, 333, 340, 332, 
8694, 334, 334, 341, 332, 
8697, 334, 334, 340, 332, 
8699, 334, 334, 340, 331, 
8701, 334, 333, 339, 332, 
8705, 334, 333, 339, 331, 
8707, 333, 334, 339, 331, 
8709, 334, 334, 339, 331, 
8712, 333, 333, 339, 331, 
8714, 333, 333, 339, 331, 
8716, 334, 332, 339, 330, 
8718, 335, 331, 340, 330, 
8721, 336, 330, 341, 330, 
8723, 336, 329, 342, 329, 
8725, 338, 328, 343, 329, 
8728, 340, 327, 344, 330, 
8730, 341, 326, 345, 328, 
8732, 342, 325, 346, 328, 
8735, 343, 325, 347, 327, 
8737, 344, 325, 347, 327, 
8739, 344, 325, 348, 327, 
8742, 344, 325, 347, 327, 
8744, 345, 325, 347, 327, 
8747, 344, 326, 347, 327, 
8750, 344, 326, 347, 327, 
8752, 343, 327, 346, 328, 
8754, 344, 328, 346, 328, 
8757, 343, 328, 346, 328, 
8759, 342, 329, 346, 328, 
8761, 343, 329, 345, 328, 
8764, 342, 330, 345, 328, 
8766, 342, 330, 344, 328, 
8768, 341, 329, 344, 329, 
8771, 342, 331, 345, 329, 
8773, 341, 331, 344, 329, 
8775, 341, 332, 344, 329, 
8778, 341, 332, 344, 329, 
8780, 341, 332, 344, 329, 
8782, 341, 333, 343, 329, 
8785, 340, 333, 344, 330, 
8787, 341, 333, 343, 330, 
8790, 341, 333, 343, 329, 
8793, 341, 333, 343, 330, 
8795, 341, 334, 343, 329, 
8797, 341, 333, 343, 330, 
