430, 334, 336, 339, 
9118796, 330, 334, 335, 339, 
91189118788, 331, 334, 336, 339, 
9118791, 331, 333, 336, 339, 
9118793, 330, 334, 336, 339, 
9118796, 330, 334, 335, 339, 
911898, 3?	???b???b, 336, 339, 
9118791, 331, 333, 336, 339, 
9118793, 330, 334, 336, 339, 
9118796, 330, 334, 335, 339, 
911898, 3?	???b???b???bj
9118801, 329, 334, 334, 340, 
9118803, 329, 334, 334, 339, 
9118807, 330, 335, 335, 339, 
9118810, 330, 333, 335, 340, 
9118812, 331, 334, 334, 340, 
9118815, 331, 334, 333, 339, 
9118817, 330, 333, 332, 340, 
9118820, 330, 334, 331, 339, 
9118822, 330, 334, 332, 340, 
9118825, 331, 334, 331, 340, 
9118828, 331, 333, 330, 340, 
9118830, 333, 333, 330, 340, 
9118833, 334, 333, 329, 339, 
9118835, 335, 334, 331, 339, 
9118838, 336, 333, 335, 340, 
9118841, 336, 333, 336, 339, 
9118843, 336, 333, 339, 340, 
9118846, 336, 333, 339, 339, 
9118849, 336, 334, 340, 339, 
9118852, 335, 334, 340, 339, 
9118854, 334, 333, 340, 339, 
9118857, 334, 333, 341, 339, 
9118860, 333, 333, 340, 339, 
9118862, 332, 333, 340, 339, 
9118865, 332, 333, 341, 340, 
9118867, 332, 333, 341, 340, 
9118870, 331, 334, 341, 339, 
9118872, 331, 333, 341, 340, 
9118875, 331, 333, 341, 339, 
9118878, 333, 334, 341, 340, 
9118880, 333, 334, 341, 339, 
9118883, 334, 334, 340, 340, 
9118885, 334, 334, 339, 339, 
9118888, 334, 333, 338, 340, 
9118891, 334, 334, 338, 340, 
9118894, 334, 334, 338, 340, 
9118897, 334, 334, 338, 340, 
9118899, 334, 334, 338, 340, 
9118902, 334, 334, 337, 340, 
9118904, 333, 334, 337, 340, 
9118907, 333, 334, 336, 340, 
9118909, 333, 334, 335, 340, 
9118912, 333, 334, 335, 340, 
9118915, 333, 334, 335, 340, 
9118917, 332, 334, 335, 340, 
9118920, 333, 334, 336, 340, 
9118922, 333, 334, 337, 340, 
9118925, 332, 334, 336, 341, 
9118927, 333, 334, 336, 340, 
9118930, 333, 334, 336, 340, 
9118934, 333, 333, 336, 339, 
9118936, 333, 334, 337, 340, 
9118939, 333, 335, 338, 340, 
9118941, 333, 335, 338, 340, 
9118944, 332, 334, 338, 340, 
9118946, 332, 335, 339, 340, 
9118949, 332, 334, 338, 339, 
9118952, 331, 335, 338, 340, 
9118954, 332, 335, 337, 340, 
9118957, 332, 334, 338, 340, 
9118959, 332, 335, 338, 340, 
9118962, 332, 334, 338, 340, 
9118964, 332, 334, 337, 340, 
9118967, 331, 334, 337, 340, 
9118970, 332, 334, 336, 340, 
9118972, 331, 334, 335, 340, 
9118976, 332, 334, 335, 339, 
9118978, 332, 334, 334, 340, 
9118981, 331, 334, 335, 341, 
9118983, 331, 334, 336, 339, 
9118986, 331, 334, 337, 341, 
9118989, 330, 334, 338, 339, 
9118991, 331, 334, 338, 339, 
9118994, 331, 334, 338, 340, 
9118996, 331, 332, 338, 339, 
9118999, 332, 333, 337, 339, 
9119001, 331, 333, 338, 339, 
9119004, 332, 333, 337, 340, 
9119007, 331, 332, 338, 339, 
9119009, 331, 332, 338, 339, 
9119012, 332, 331, 338, 338, 
9119014, 331, 331, 338, 339, 
9119017, 331, 332, 338, 338, 
9119020, 332, 332, 338, 338, 
9119023, 332, 332, 337, 341, 
9119026, 332, 332, 336, 338, 
9119028, 333, 332, 335, 338, 
9119031, 333, 332, 335, 338, 
9119033, 332, 332, 334, 337, 
9119036, 333, 333, 333, 338, 
9119038, 332, 333, 333, 337, 
9119041, 332, 333, 333, 337, 
9119044, 332, 333, 334, 337, 
9119046, 331, 333, 335, 337, 
9119049, 331, 333, 336, 337, 
9119051, 331, 334, 338, 338, 
9119054, 330, 333, 336, 337, 
9119057, 331, 334, 336, 337, 
9119059, 330, 334, 336, 338, 
9119063, 330, 333, 336, 338, 
9119065, 330, 334, 335, 338, 
9119068, 329, 333, 335, 337, 
9119070, 329, 334, 334, 338, 
9119073, 329, 333, 334, 338, 
9119076, 328, 333, 333, 338, 
9119078, 327, 334, 332, 338, 
9119081, 327, 333, 331, 338, 
9119083, 326, 333, 329, 338, 
9119086, 325, 333, 329, 338, 
9119088, 324, 332, 329, 339, 
9119091, 324, 333, 329, 338, 
9119094, 325, 333, 330, 338, 
9119096, 326, 332, 332, 338, 
9119099, 328, 331, 333, 338, 
9119101, 330, 333, 335, 338, 
9119105, 332, 331, 336, 339, 
9119107, 333, 332, 337, 339, 
9119110, 333, 333, 337, 337, 
9119113, 332, 331, 338, 339, 
9119115, 331, 331, 338, 338, 
9119118, 331, 332, 338, 338, 
9119120, 331, 331, 338, 338, 
9119123, 332, 331, 338, 338, 
9119125, 332, 331, 338, 338, 
9119128, 332, 331, 337, 339, 
9119131, 333, 331, 337, 339, 
9119133, 333, 331, 337, 339, 
9119136, 334, 331, 337, 339, 
9119138, 335, 331, 337, 338, 
9119141, 336, 331, 336, 338, 
9119143, 335, 331, 336, 339, 
9119147, 335, 332, 335, 339, 
9119150, 335, 331, 336, 339, 
9119152, 336, 331, 336, 338, 
9119155, 336, 331, 337, 338, 
9119157, 336, 331, 338, 339, 
9119160, 336, 331, 339, 339, 
9119162, 335, 332, 340, 339, 
9119165, 335, 332, 340, 338, 
9119168, 334, 331, 340, 338, 
9119170, 335, 332, 340, 339, 
9119173, 336, 331, 340, 338, 
9119175, 336, 332, 340, 339, 
9119178, 336, 332, 341, 338, 
9119180, 335, 332, 340, 338, 
9119183, 336, 332, 340, 339, 
9119186, 335, 332, 340, 338, 
9119188, 335, 332, 341, 339, 
9119192, 335, 332, 339, 338, 
9119194, 334, 332, 339, 338, 
9119197, 335, 333, 339, 339, 
9119199, 334, 332, 338, 339, 
9119202, 334, 333, 338, 339, 
9119205, 334, 333, 338, 339, 
9119207, 334, 332, 337, 338, 
9119210, 335, 332, 336, 339, 
9119212, 335, 333, 337, 339, 
9119215, 335, 333, 337, 339, 
9119217, 336, 332, 338, 339, 
9119220, 336, 332, 338, 339, 
9119223, 336, 332, 337, 339, 
9119225, 336, 332, 338, 339, 
9119228, 336, 332, 337, 339, 
9119230, 336, 333, 337, 339, 
9119234, 336, 332, 337, 339, 
9119236, 336, 332, 337, 339, 
9119239, 336, 333, 338, 339, 
9119242, 336, 332, 339, 339, 
9119244, 336, 333, 339, 340, 
9119247, 337, 333, 339, 339, 
9119249, 336, 332, 338, 338, 
9119252, 336, 333, 339, 338, 
9119255, 336, 332, 339, 339, 
9119257, 336, 333, 339, 339, 
9119260, 336, 333, 340, 339, 
9119262, 336, 334, 339, 339, 
9119265, 337, 333, 340, 339, 
9119267, 336, 332, 339, 338, 
9119270, 336, 333, 340, 339, 
9119273, 336, 331, 340, 339, 
9119276, 336, 332, 339, 339, 
9119279, 336, 331, 339, 339, 
9119281, 336, 333, 339, 339, 
9119284, 336, 332, 340, 339, 
9119286, 336, 333, 340, 339, 
9119289, 336, 332, 340, 339, 
9119292, 336, 332, 339, 338, 
9119294, 338, 332, 340, 339, 
9119297, 337, 333, 340, 339, 
9119299, 336, 332, 340, 339, 
9119302, 337, 333, 340, 339, 
9119304, 336, 332, 340, 339, 
9119307, 336, 332, 341, 339, 
9119310, 337, 332, 341, 339, 
9119312, 336, 332, 341, 339, 
9119315, 337, 332, 341, 339, 
9119318, 336, 332, 342, 339, 
9119321, 336, 332, 341, 339, 
9119323, 336, 332, 340, 339, 
9119326, 335, 332, 339, 338, 
9119329, 336, 332, 337, 338, 
9119331, 336, 332, 337, 338, 
9119334, 336, 332, 337, 338, 
9119336, 336, 333, 338, 338, 
9119339, 337, 333, 339, 339, 
9119341, 336, 333, 338, 338, 
9119344, 336, 333, 339, 338, 
9119347, 335, 335, 338, 338, 
9119349, 335, 334, 338, 338, 
9119352, 334, 334, 337, 338, 
9119354, 334, 334, 339, 338, 
9119357, 334, 334, 338, 338, 
9119360, 335, 334, 337, 337, 
9119363, 335, 334, 337, 338, 
9119366, 335, 334, 337, 338, 
9119368, 334, 335, 336, 337, 
9119371, 334, 335, 336, 338, 
9119373, 334, 335, 335, 337, 
9119376, 336, 335, 334, 338, 
9119378, 334, 335, 334, 338, 
9119381, 335, 336, 332, 338, 
9119384, 334, 336, 332, 337, 
9119386, 333, 335, 332, 337, 
9119389, 333, 335, 332, 337, 
9119391, 333, 336, 334, 338, 
9119394, 333, 336, 335, 338, 
9119396, 334, 337, 335, 337, 
9119399, 335, 337, 335, 337, 
9119403, 336, 336, 335, 337, 
9119405, 337, 337, 335, 337, 
9119408, 338, 337, 335, 337, 
9119410, 339, 337, 336, 337, 
9119413, 338, 337, 336, 338, 
9119415, 337, 337, 336, 337, 
9119418, 337, 338, 337, 337, 
9119421, 337, 339, 337, 337, 
9119423, 336, 338, 336, 337, 
9119426, 337, 339, 337, 337, 
9119428, 337, 338, 336, 337, 
9119431, 337, 338, 335, 338, 
9119433, 338, 337, 336, 337, 
9119436, 338, 338, 336, 338, 
9119439, 338, 337, 336, 337, 
9119441, 338, 337, 335, 337, 
9119444, 338, 337, 335, 338, 
9119447, 339, 337, 335, 337, 
9119450, 339, 338, 335, 338, 
9119452, 339, 337, 335, 337, 
9119455, 339, 339, 335, 338, 
9119458, 339, 337, 336, 337, 
9119460, 339, 338, 336, 337, 
9119463, 339, 338, 336, 337, 
9119465, 339, 338, 336, 338, 
9119468, 339, 338, 336, 338, 
9119471, 339, 337, 336, 338, 
9119473, 339, 338, 336, 338, 
9119476, 339, 338, 335, 338, 
9119478, 339, 338, 335, 338, 
9119481, 339, 338, 335, 337, 
9119483, 338, 338, 334, 337, 
9119486, 338, 338, 334, 337, 
9119490, 339, 338, 335, 337, 
9119492, 338, 337, 335, 337, 
9119495, 338, 338, 335, 338, 
9119497, 338, 337, 335, 337, 
9119500, 338, 338, 336, 337, 
9119502, 339, 338, 336, 337, 
9119505, 338, 338, 335, 337, 
9119508, 338, 338, 335, 338, 
9119510, 339, 338, 336, 337, 
9119513, 338, 338, 334, 337, 
9119515, 338, 338, 334, 337, 
9119518, 337, 338, 333, 337, 
9119520, 338, 338, 333, 337, 
9119523, 339, 338, 333, 337, 
9119526, 337, 338, 332, 337, 
9119528, 338, 338, 333, 337, 
9119532, 339, 338, 334, 337, 
9119534, 339, 338, 334, 337, 
9119537, 339, 338, 335, 337, 
9119539, 340, 338, 335, 337, 
9119542, 339, 338, 334, 337, 
9119545, 339, 338, 334, 337, 
9119547, 339, 338, 334, 337, 
9119550, 340, 339, 335, 337, 
9119552, 340, 338, 335, 336, 
9119555, 340, 338, 335, 336, 
9119557, 339, 338, 335, 337, 
9119560, 340, 338, 335, 336, 
9119563, 339, 339, 336, 337, 
9119565, 340, 338, 337, 336, 
9119568, 339, 338, 336, 336, 
9119570, 339, 339, 337, 337, 
9119574, 339, 338, 336, 336, 
9119576, 339, 338, 337, 336, 
9119579, 339, 338, 336, 336, 
9119582, 338, 338, 336, 336, 
9119584, 339, 339, 336, 336, 
9119587, 339, 339, 336, 336, 
9119589, 339, 338, 336, 336, 
9119592, 339, 338, 335, 336, 
9119594, 339, 339, 335, 336, 
9119597, 338, 338, 334, 336, 
9119600, 338, 339, 334, 337, 
9119602, 338, 338, 333, 336, 
9119605, 338, 338, 332, 336, 
9119607, 339, 338, 332, 336, 
9119610, 339, 337, 331, 336, 
9119612, 340, 337, 332, 336, 
9119616, 340, 338, 333, 336, 
9119619, 340, 337, 334, 336, 
9119621, 340, 339, 334, 336, 
9119624, 340, 337, 335, 336, 
9119626, 340, 338, 335, 336, 
9119629, 340, 337, 336, 335, 
9119631, 340, 337, 336, 336, 
9119634, 340, 338, 337, 336, 
9119637, 340, 338, 337, 336, 
9119639, 338, 338, 336, 336, 
9119642, 339, 338, 337, 336, 
9119644, 339, 337, 336, 336, 
9119647, 339, 338, 336, 337, 
9119649, 339, 337, 336, 336, 
9119652, 339, 338, 335, 336, 
9119655, 339, 338, 336, 336, 
9119657, 340, 337, 337, 336, 
9119661, 341, 338, 335, 336, 
9119663, 340, 338, 335, 336, 
9119666, 341, 337, 335, 335, 
9119669, 341, 337, 336, 335, 
9119671, 341, 337, 336, 335, 
9119674, 340, 338, 336, 336, 
9119676, 340, 338, 335, 336, 
9119679, 339, 337, 334, 336, 
9119681, 337, 337, 334, 336, 
9119684, 337, 338, 334, 335, 
9119687, 336, 339, 334, 337, 
9119689, 338, 338, 334, 336, 
9119692, 337, 337, 334, 337, 
9119694, 336, 338, 335, 336, 
9119697, 335, 338, 335, 337, 
9119699, 335, 337, 335, 336, 
9119703, 335, 338, 335, 338, 
9119706, 337, 338, 336, 336, 
9119708, 337, 337, 335, 336, 
9119711, 338, 337, 335, 336, 
9119713, 338, 338, 335, 336, 
9119716, 340, 337, 335, 337, 
9119718, 338, 337, 336, 336, 
9119721, 338, 337, 335, 336, 
9119724, 338, 336, 336, 336, 
9119726, 339, 337, 335, 336, 
9119729, 339, 337, 336, 336, 
9119731, 339, 337, 336, 337, 
9119734, 338, 336, 335, 336, 
9119736, 339, 335, 334, 337, 
9119739, 339, 336, 333, 337, 
9119742, 339, 337, 333, 336, 
9119745, 340, 337, 334, 337, 
9119748, 340, 336, 334, 336, 
9119750, 340, 336, 333, 336, 
9119753, 341, 337, 331, 337, 
9119755, 340, 337, 332, 337, 
9119758, 340, 337, 333, 337, 
9119761, 341, 338, 333, 337, 
9119763, 340, 336, 333, 337, 
9119766, 339, 337, 334, 337, 
9119768, 339, 337, 334, 337, 
9119771, 340, 336, 334, 337, 
9119773, 339, 338, 333, 337, 
9119776, 339, 337, 333, 335, 
9119779, 339, 336, 334, 337, 
9119781, 339, 337, 334, 337, 
9119784, 339, 337, 335, 337, 
9119787, 339, 337, 336, 337, 
9119790, 338, 337, 336, 336, 
9119792, 337, 337, 336, 336, 
9119795, 337, 337, 336, 337, 
9119798, 337, 337, 336, 337, 
9119800, 337, 337, 335, 338, 
9119803, 338, 337, 336, 337, 
9119805, 338, 337, 336, 337, 
9119808, 338, 336, 336, 337, 
9119810, 338, 337, 336, 337, 
9119813, 337, 337, 335, 337, 
9119816, 337, 337, 335, 337, 
9119818, 337, 337, 333, 337, 
9119821, 337, 337, 333, 337, 
9119823, 337, 337, 332, 337, 
9119826, 338, 337, 331, 337, 
9119828, 338, 338, 331, 337, 
9119832, 337, 337, 331, 337, 
9119835, 338, 337, 333, 337, 
9119837, 337, 336, 334, 337, 
9119840, 337, 337, 336, 338, 
9119842, 338, 337, 336, 337, 
9119845, 338, 337, 337, 338, 
9119847, 338, 337, 336, 337, 
9119850, 338, 337, 337, 338, 
9119853, 338, 337, 337, 337, 
9119855, 338, 337, 337, 337, 
9119858, 338, 336, 338, 337, 
9119860, 338, 336, 337, 337, 
9119863, 337, 336, 337, 338, 
9119865, 336, 336, 336, 338, 
9119868, 336, 337, 336, 338, 
9119872, 336, 337, 335, 338, 
9119874, 336, 337, 335, 337, 
9119877, 336, 336, 335, 337, 
9119879, 335, 337, 334, 337, 
9119882, 336, 337, 334, 337, 
9119885, 337, 336, 334, 338, 
9119887, 337, 336, 334, 337, 
9119890, 336, 336, 335, 337, 
9119892, 336, 336, 335, 338, 
9119895, 336, 336, 336, 337, 
9119897, 336, 336, 337, 338, 
9119900, 336, 336, 337, 338, 
9119903, 337, 336, 338, 337, 
9119905, 337, 337, 338, 338, 
9119908, 337, 336, 339, 338, 
9119910, 337, 336, 339, 338, 
9119913, 337, 337, 338, 338, 
9119916, 336, 336, 337, 338, 
9119919, 336, 336, 337, 338, 
9119922, 336, 336, 337, 338, 
9119924, 337, 336, 337, 338, 
9119927, 337, 336, 335, 338, 
9119929, 337, 336, 335, 337, 
9119932, 336, 337, 335, 338, 
9119934, 337, 336, 335, 338, 
9119937, 337, 337, 336, 338, 
9119940, 336, 337, 336, 338, 
9119942, 336, 337, 335, 338, 
9119945, 335, 336, 335, 338, 
9119947, 336, 336, 334, 338, 
9119950, 336, 336, 333, 337, 
9119952, 336, 336, 334, 338, 
9119955, 336, 336, 333, 338, 
9119959, 336, 336, 333, 338, 
9119961, 336, 336, 334, 337, 
9119964, 335, 336, 335, 338, 
9119966, 334, 337, 336, 337, 
9119969, 333, 335, 336, 337, 
9119971, 333, 337, 336, 338, 
9119974, 334, 337, 336, 338, 
9119977, 334, 336, 336, 338, 
9119979, 335, 337, 336, 338, 
9119982, 335, 337, 336, 338, 
9119984, 334, 336, 336, 337, 
9119987, 335, 336, 336, 337, 
9119989, 335, 336, 337, 338, 
9119992, 336, 337, 337, 339, 
9119995, 336, 336, 337, 338, 
9119997, 336, 336, 337, 338, 
9120001, 336, 336, 337, 338, 
9120003, 336, 337, 337, 338, 
9120006, 337, 336, 337, 338, 
9120008, 337, 336, 336, 338, 
9120011, 337, 336, 336, 338, 
9120014, 336, 336, 335, 339, 
9120016, 336, 336, 336, 338, 
9120019, 336, 337, 336, 338, 
9120021, 335, 336, 336, 338, 
9120024, 332, 336, 336, 338, 
9120026, 331, 335, 335, 338, 
9120029, 331, 336, 335, 338, 
9120032, 331, 335, 334, 338, 
9120034, 332, 335, 337, 338, 
9120037, 334, 334, 336, 338, 
9120039, 334, 334, 336, 338, 
9120043, 335, 334, 336, 338, 
9120045, 336, 334, 337, 338, 
9120048, 337, 334, 336, 337, 
9120051, 338, 334, 336, 337, 
9120053, 338, 334, 336, 337, 
9120056, 339, 335, 336, 337, 
9120058, 339, 335, 335, 337, 
9120061, 339, 335, 335, 337, 
9120063, 339, 337, 336, 337, 
9120066, 338, 336, 337, 336, 
9120069, 338, 335, 336, 336, 
9120071, 338, 336, 337, 337, 
9120074, 337, 336, 335, 336, 
9120076, 337, 337, 335, 336, 
9120079, 336, 337, 334, 337, 
9120081, 336, 337, 334, 337, 
9120084, 337, 337, 333, 337, 
9120088, 337, 337, 334, 337, 
9120090, 337, 337, 335, 338, 
9120093, 337, 338, 335, 338, 
9120095, 337, 337, 336, 338, 
9120098, 337, 338, 335, 338, 
9120101, 337, 337, 335, 338, 
9120103, 337, 337, 334, 338, 
9120106, 337, 338, 334, 338, 
9120108, 338, 338, 335, 338, 
9120111, 337, 337, 334, 337, 
9120113, 338, 337, 335, 338, 
9120116, 337, 337, 336, 338, 
9120119, 337, 337, 335, 338, 
9120121, 338, 337, 335, 338, 
9120124, 337, 337, 334, 338, 
9120126, 337, 336, 336, 338, 
9120130, 338, 336, 336, 338, 
9120132, 338, 338, 336, 338, 
9120135, 338, 336, 336, 338, 
9120138, 338, 336, 335, 339, 
9120140, 338, 336, 335, 339, 
9120143, 338, 337, 335, 338, 
9120145, 338, 336, 336, 339, 
9120148, 339, 336, 336, 339, 
9120150, 338, 336, 336, 338, 
9120153, 338, 336, 336, 338, 
9120156, 339, 336, 336, 338, 
9120158, 338, 336, 337, 338, 
9120161, 338, 336, 339, 339, 
9120163, 339, 336, 338, 338, 
9120166, 337, 335, 339, 338, 
9120168, 337, 336, 339, 338, 
9120172, 338, 336, 338, 338, 
9120175, 338, 336, 338, 338, 
9120177, 339, 336, 337, 337, 
9120180, 338, 335, 337, 338, 
9120182, 339, 336, 337, 338, 
9120185, 339, 336, 337, 338, 
9120187, 339, 335, 338, 338, 
9120190, 339, 336, 338, 339, 
9120193, 339, 335, 338, 338, 
9120195, 339, 335, 337, 338, 
9120198, 338, 335, 337, 338, 
9120200, 338, 335, 337, 339, 
9120203, 339, 335, 337, 339, 
9120205, 339, 335, 337, 338, 
9120208, 339, 335, 336, 339, 
9120211, 339, 335, 337, 338, 
9120214, 339, 335, 338, 339, 
9120217, 340, 335, 338, 338, 
9120219, 339, 335, 339, 338, 
9120222, 338, 335, 338, 338, 
9120224, 337, 335, 339, 339, 
9120227, 337, 335, 339, 338, 
9120230, 338, 335, 339, 339, 
9120232, 339, 335, 338, 338, 
9120235, 338, 334, 337, 339, 
9120237, 339, 335, 338, 339, 
9120240, 339, 335, 338, 338, 
9120242, 339, 335, 338, 339, 
9120245, 340, 335, 338, 339, 
9120248, 340, 335, 339, 338, 
9120250, 340, 335, 339, 338, 
9120253, 339, 334, 339, 338, 
9120256, 340, 335, 339, 338, 
9120259, 339, 335, 339, 339, 
9120261, 339, 334, 338, 338, 
9120264, 339, 334, 337, 338, 
9120267, 339, 334, 338, 338, 
9120269, 340, 335, 339, 338, 
9120272, 339, 334, 340, 338, 
9120274, 340, 334, 340, 338, 
9120277, 339, 333, 340, 338, 
9120279, 339, 334, 339, 338, 
9120282, 339, 333, 339, 338, 
9120285, 338, 334, 340, 339, 
9120287, 338, 334, 340, 339, 
9120290, 338, 333, 340, 338, 
9120292, 338, 332, 341, 338, 
9120295, 338, 334, 340, 338, 
9120299, 338, 333, 341, 338, 
9120301, 338, 333, 340, 339, 
9120304, 339, 333, 340, 338, 
9120306, 339, 334, 340, 338, 
9120309, 339, 333, 340, 338, 
9120311, 340, 334, 338, 338, 
9120314, 341, 333, 339, 338, 
9120317, 341, 333, 339, 338, 
9120319, 340, 332, 339, 338, 
9120322, 339, 333, 339, 339, 
9120324, 339, 333, 340, 338, 
9120327, 339, 332, 340, 338, 
9120329, 339, 333, 340, 338, 
9120332, 339, 333, 340, 338, 
9120335, 340, 332, 340, 338, 
9120337, 340, 332, 342, 338, 
9120340, 340, 332, 340, 338, 
9120343, 339, 332, 341, 338, 
9120346, 338, 331, 340, 337, 
9120348, 339, 332, 341, 338, 
9120351, 339, 332, 340, 337, 
9120354, 339, 333, 341, 338, 
9120356, 339, 332, 341, 338, 
9120359, 341, 332, 340, 339, 
9120361, 339, 333, 341, 338, 
9120364, 340, 333, 341, 338, 
9120366, 340, 333, 340, 338, 
9120369, 340, 333, 340, 338, 
9120372, 340, 333, 339, 338, 
9120374, 339, 333, 340, 337, 
9120377, 340, 332, 339, 338, 
9120379, 339, 334, 338, 338, 
9120382, 339, 334, 338, 339, 
9120385, 339, 334, 337, 337, 
9120388, 338, 334, 337, 337, 
9120391, 338, 334, 337, 338, 
9120393, 338, 335, 336, 338, 
9120396, 341, 335, 337, 337, 
9120398, 339, 335, 338, 338, 
9120401, 338, 335, 338, 337, 
9120403, 338, 336, 339, 337, 
9120406, 339, 335, 339, 337, 
9120409, 339, 336, 339, 337, 
9120411, 338, 336, 339, 337, 
9120414, 337, 337, 338, 337, 
9120416, 337, 336, 337, 337, 
9120419, 337, 337, 336, 337, 
9120421, 337, 336, 336, 337, 
9120424, 337, 336, 335, 337, 
9120428, 338, 337, 335, 337, 
9120430, 337, 337, 334, 336, 
9120433, 338, 337, 334, 337, 
9120435, 338, 337, 334, 337, 
9120438, 338, 337, 334, 337, 
9120440, 338, 338, 335, 337, 
9120443, 338, 337, 335, 336, 
9120446, 337, 337, 335, 337, 
9120448, 337, 338, 336, 337, 
9120451, 338, 337, 335, 336, 
9120453, 337, 338, 335, 337, 
9120456, 337, 338, 334, 336, 
9120458, 337, 337, 335, 337, 
9120461, 337, 338, 335, 337, 
9120464, 337, 337, 335, 336, 
9120466, 338, 338, 335, 337, 
9120470, 338, 338, 335, 336, 
9120472, 338, 338, 335, 336, 
9120475, 338, 338, 335, 336, 
9120477, 338, 338, 336, 337, 
9120480, 337, 339, 336, 336, 
9120483, 337, 338, 336, 336, 
9120485, 337, 338, 335, 336, 
9120488, 337, 338, 336, 336, 
9120490, 337, 338, 336, 336, 
9120493, 337, 338, 335, 337, 
9120495, 337, 337, 335, 337, 
9120498, 336, 338, 334, 336, 
9120501, 337, 337, 334, 337, 
9120503, 337, 338, 335, 337, 
9120506, 337, 338, 335, 337, 
9120508, 337, 338, 335, 336, 
9120512, 337, 338, 335, 336, 
9120515, 336, 338, 335, 336, 
9120517, 336, 338, 335, 337, 
9120520, 336, 338, 335, 337, 
9120522, 336, 338, 335, 336, 
9120525, 337, 338, 334, 337, 
9120527, 336, 338, 333, 336, 
9120530, 337, 338, 332, 337, 
9120533, 338, 337, 332, 337, 
9120535, 338, 338, 333, 336, 
9120538, 339, 338, 334, 337, 
9120540, 337, 338, 334, 336, 
9120543, 338, 337, 334, 336, 
9120545, 338, 337, 334, 337, 
9120548, 339, 338, 334, 336, 
9120551, 339, 337, 335, 337, 
9120553, 339, 337, 335, 337, 
9120557, 339, 337, 335, 336, 
9120559, 339, 337, 336, 337, 
9120562, 339, 337, 337, 336, 
9120564, 340, 338, 337, 336, 
9120567, 339, 338, 336, 336, 
9120570, 339, 337, 337, 336, 
9120572, 339, 337, 336, 337, 
9120575, 339, 337, 336, 337, 
9120577, 339, 338, 336, 336, 
9120580, 338, 338, 336, 336, 
9120582, 338, 337, 336, 337, 
9120585, 338, 338, 336, 337, 
9120588, 338, 338, 335, 337, 
9120590, 338, 338, 335, 337, 
9120593, 339, 338, 335, 337, 
9120595, 338, 336, 336, 336, 
9120599, 338, 337, 336, 336, 
9120601, 338, 337, 336, 337, 
9120604, 338, 337, 336, 337, 
9120607, 338, 338, 336, 337, 
9120609, 338, 338, 335, 336, 
9120612, 339, 336, 335, 337, 
9120614, 339, 337, 335, 337, 
9120617, 339, 337, 335, 337, 
9120619, 339, 337, 336, 337, 
9120622, 339, 337, 336, 336, 
9120625, 338, 337, 335, 337, 
9120627, 339, 337, 335, 337, 
9120630, 339, 337, 335, 337, 
9120632, 339, 337, 335, 337, 
9120635, 339, 337, 335, 337, 
9120637, 339, 337, 336, 337, 
9120641, 339, 337, 335, 339, 
9120644, 338, 337, 336, 337, 
9120646, 338, 338, 336, 338, 
9120649, 337, 337, 336, 337, 
9120651, 337, 337, 336, 337, 
9120654, 337, 338, 336, 337, 
9120656, 338, 337, 336, 338, 
9120659, 339, 337, 336, 338, 
9120662, 338, 337, 336, 338, 
9120664, 338, 337, 335, 337, 
9120667, 338, 337, 335, 338, 
9120669, 339, 337, 335, 338, 
9120672, 339, 337, 335, 338, 
9120674, 339, 337, 335, 338, 
9120677, 339, 337, 335, 338, 
9120680, 339, 337, 334, 337, 
9120683, 339, 337, 334, 338, 
9120686, 339, 337, 334, 340, 
9120688, 339, 337, 336, 338, 
9120691, 339, 337, 336, 338, 
9120693, 338, 336, 336, 337, 
9120696, 339, 337, 337, 338, 
9120699, 340, 337, 337, 338, 
9120701, 339, 337, 337, 338, 
9120704, 339, 337, 337, 338, 
9120706, 339, 337, 336, 337, 
9120709, 339, 337, 337, 338, 
9120712, 338, 337, 336, 338, 
9120714, 338, 336, 338, 338, 
9120717, 337, 336, 337, 338, 
9120719, 337, 336, 336, 337, 
9120722, 339, 336, 336, 338, 
9120724, 337, 337, 337, 338, 
9120728, 337, 336, 335, 338, 
9120731, 337, 337, 335, 338, 
9120733, 337, 336, 334, 338, 
9120736, 339, 336, 333, 338, 
9120738, 338, 336, 334, 338, 
9120741, 338, 336, 334, 338, 
9120743, 339, 337, 335, 338, 
9120746, 339, 337, 335, 337, 
9120749, 338, 336, 334, 338, 
9120751, 339, 336, 334, 338, 
9120754, 339, 336, 335, 338, 
9120756, 339, 336, 334, 338, 
9120759, 339, 336, 335, 338, 
9120761, 339, 336, 335, 338, 
9120764, 340, 336, 336, 338, 
9120768, 339, 336, 337, 337, 
9120770, 339, 336, 337, 338, 
9120773, 339, 336, 337, 338, 
9120775, 339, 336, 337, 338, 
9120778, 338, 336, 337, 338, 
9120780, 339, 337, 337, 338, 
9120783, 338, 336, 338, 338, 
9120786, 338, 336, 337, 338, 
9120788, 338, 336, 337, 338, 
9120791, 337, 336, 336, 337, 
9120793, 338, 336, 336, 338, 
9120796, 338, 336, 336, 338, 
9120798, 338, 336, 335, 338, 
9120801, 339, 336, 336, 339, 
9120804, 339, 335, 335, 338, 
9120806, 339, 336, 336, 339, 
9120809, 339, 336, 336, 338, 
9120812, 337, 335, 336, 338, 
9120815, 339, 336, 335, 339, 
9120817, 338, 336, 335, 338, 
9120820, 339, 336, 335, 338, 
9120823, 338, 336, 335, 338, 
9120825, 338, 336, 337, 338, 
9120828, 339, 336, 336, 338, 
9120830, 339, 336, 336, 337, 
9120833, 339, 335, 337, 338, 
9120835, 340, 336, 337, 338, 
9120838, 340, 337, 337, 338, 
9120841, 340, 336, 336, 338, 
9120843, 340, 336, 335, 338, 
9120846, 340, 336, 335, 338, 
9120848, 340, 336, 335, 338, 
9120851, 340, 335, 335, 337, 
9120854, 339, 336, 335, 338, 
9120857, 339, 336, 334, 339, 
9120860, 339, 336, 334, 338, 
9120862, 339, 336, 335, 338, 
9120865, 339, 336, 335, 338, 
9120867, 339, 336, 336, 338, 
9120870, 339, 336, 337, 339, 
9120872, 338, 336, 337, 338, 
9120875, 339, 336, 338, 338, 
9120878, 339, 336, 338, 338, 
9120880, 339, 336, 338, 338, 
9120883, 339, 336, 338, 339, 
9120885, 339, 336, 338, 338, 
9120888, 338, 335, 339, 338, 
9120890, 338, 336, 338, 338, 
9120893, 336, 336, 337, 338, 
9120897, 337, 335, 337, 339, 
9120899, 337, 336, 337, 339, 
9120902, 336, 335, 337, 338, 
9120904, 338, 336, 337, 338, 
9120907, 338, 335, 337, 338, 
9120909, 339, 336, 337, 338, 
9120912, 338, 336, 338, 339, 
9120915, 339, 334, 338, 337, 
9120917, 339, 336, 338, 338, 
9120920, 339, 335, 337, 338, 
9120922, 340, 335, 336, 338, 
9120925, 339, 335, 336, 339, 
9120928, 339, 335, 336, 338, 
9120930, 340, 335, 336, 339, 
9120933, 340, 335, 337, 338, 
9120935, 340, 335, 337, 339, 
9120939, 340, 335, 336, 338, 
9120941, 340, 335, 336, 338, 
9120944, 340, 336, 335, 339, 
9120947, 340, 335, 337, 339, 
9120949, 340, 335, 337, 338, 
9120952, 339, 335, 337, 338, 
9120954, 340, 334, 336, 338, 
9120957, 339, 335, 336, 338, 
9120959, 339, 335, 337, 339, 
9120962, 339, 336, 337, 338, 
9120965, 338, 336, 337, 338, 
9120967, 339, 336, 338, 339, 
9120970, 339, 335, 337, 339, 
9120972, 339, 336, 338, 338, 
9120975, 340, 336, 338, 338, 
9120977, 339, 336, 338, 338, 
9120980, 339, 336, 338, 338, 
9120984, 340, 336, 338, 338, 
9120986, 339, 336, 338, 339, 
9120989, 340, 335, 338, 339, 
9120991, 340, 336, 338, 338, 
9120994, 340, 336, 337, 338, 
9120996, 340, 336, 337, 338, 
9120999, 340, 336, 337, 337, 
9121002, 339, 336, 337, 338, 
9121004, 340, 336, 337, 338, 
9121007, 339, 336, 337, 338, 
9121009, 340, 334, 337, 338, 
9121012, 340, 336, 337, 337, 
9121014, 340, 337, 337, 338, 
9121017, 339, 336, 339, 338, 
9121020, 340, 336, 337, 337, 
9121022, 340, 336, 337, 338, 
9121026, 340, 336, 336, 338, 
9121028, 339, 336, 336, 337, 
9121031, 339, 337, 337, 338, 
9121033, 340, 336, 337, 338, 
9121036, 339, 336, 337, 338, 
9121039, 340, 337, 336, 338, 
9121041, 339, 336, 337, 337, 
9121044, 340, 336, 337, 338, 
9121046, 340, 339, 337, 338, 
9121049, 340, 336, 337, 338, 
9121051, 340, 336, 337, 338, 
9121054, 339, 336, 338, 338, 
9121057, 340, 336, 337, 338, 
9121059, 340, 336, 337, 338, 
9121062, 339, 336, 337, 339, 
9121064, 340, 336, 337, 338, 
9121068, 340, 336, 336, 338, 
9121070, 339, 337, 337, 338, 
9121073, 340, 336, 336, 338, 
9121076, 339, 336, 336, 338, 
9121078, 339, 337, 336, 338, 
9121081, 338, 336, 335, 338, 
9121083, 339, 338, 336, 338, 
9121086, 339, 336, 336, 339, 
9121088, 339, 336, 336, 338, 
9121091, 339, 336, 336, 339, 
9121094, 339, 335, 336, 338, 
9121096, 339, 335, 336, 338, 
9121099, 339, 334, 337, 339, 
9121101, 338, 334, 337, 338, 
9121104, 340, 334, 337, 337, 
9121106, 339, 334, 338, 337, 
9121110, 338, 334, 338, 337, 
9121113, 339, 334, 338, 337, 
9121115, 338, 334, 339, 337, 
9121118, 338, 334, 338, 336, 
9121120, 338, 335, 338, 337, 
9121123, 338, 335, 337, 335, 
9121126, 339, 335, 337, 336, 
9121128, 339, 335, 338, 337, 
9121131, 339, 335, 338, 336, 
9121133, 339, 336, 337, 336, 
9121136, 339, 335, 337, 336, 
9121138, 338, 336, 336, 336, 
9121141, 338, 337, 335, 337, 
9121144, 338, 336, 334, 337, 
9121146, 339, 337, 333, 337, 
9121149, 339, 337, 332, 337, 
9121152, 338, 336, 332, 337, 
9121155, 338, 336, 333, 337, 
9121157, 339, 338, 333, 337, 
9121160, 339, 337, 332, 337, 
9121163, 338, 336, 332, 337, 
9121165, 338, 336, 333, 338, 
9121168, 339, 336, 334, 338, 
9121170, 338, 335, 334, 338, 
9121173, 338, 336, 335, 338, 
9121175, 338, 336, 336, 338, 
9121178, 338, 336, 336, 337, 
9121181, 338, 336, 336, 336, 
9121183, 337, 335, 337, 338, 
9121186, 337, 335, 337, 338, 
9121188, 337, 335, 337, 337, 
9121191, 337, 335, 337, 337, 
9121193, 337, 334, 338, 337, 
9121197, 338, 335, 338, 338, 
9121200, 338, 335, 338, 338, 
9121202, 338, 335, 338, 338, 
9121205, 338, 334, 338, 338, 
9121207, 338, 334, 338, 338, 
9121210, 338, 334, 338, 338, 
9121212, 338, 334, 338, 338, 
9121215, 338, 334, 338, 338, 
9121218, 338, 334, 338, 338, 
9121220, 338, 333, 336, 338, 
9121223, 338, 334, 336, 338, 
9121225, 338, 334, 336, 338, 
9121228, 338, 334, 336, 339, 
9121230, 338, 335, 337, 338, 
9121233, 338, 334, 336, 338, 
9121236, 338, 334, 337, 337, 
9121239, 338, 334, 336, 338, 
9121242, 338, 334, 336, 338, 
9121244, 338, 334, 336, 338, 
9121247, 339, 334, 336, 338, 
9121249, 338, 334, 337, 338, 
9121252, 339, 335, 337, 338, 
9121255, 338, 334, 337, 338, 
9121257, 338, 334, 337, 339, 
9121260, 339, 335, 336, 338, 
9121262, 338, 335, 336, 338, 
9121265, 338, 334, 336, 339, 
9121267, 338, 334, 337, 338, 
9121270, 338, 334, 337, 338, 
9121273, 338, 334, 337, 338, 
9121275, 337, 333, 337, 338, 
9121278, 337, 334, 338, 338, 
9121281, 337, 334, 338, 338, 
9121284, 336, 334, 339, 338, 
9121286, 337, 334, 338, 338, 
9121289, 336, 334, 339, 338, 
9121292, 337, 334, 339, 338, 
9121294, 337, 334, 340, 338, 
9121297, 337, 334, 340, 338, 
9121299, 337, 334, 339, 338, 
9121302, 338, 334, 339, 338, 
9121304, 336, 334, 339, 338, 
9121307, 337, 335, 340, 338, 
9121310, 338, 334, 339, 338, 
9121312, 338, 334, 339, 339, 
9121315, 338, 335, 338, 338, 
9121317, 337, 334, 337, 338, 
9121320, 337, 334, 337, 339, 
9121323, 338, 335, 336, 338, 
9121326, 338, 334, 336, 338, 
9121329, 338, 334, 336, 339, 
9121331, 337, 333, 336, 338, 
9121334, 337, 334, 337, 339, 
9121336, 337, 334, 337, 338, 
9121339, 337, 334, 338, 338, 
9121342, 337, 333, 339, 338, 
9121344, 337, 333, 339, 338, 
9121347, 337, 334, 340, 338, 
9121349, 337, 333, 340, 338, 
9121352, 336, 333, 340, 338, 
9121354, 336, 333, 340, 338, 
9121357, 336, 333, 342, 338, 
9121360, 336, 332, 339, 338, 
9121362, 336, 332, 340, 338, 
9121366, 336, 332, 339, 339, 
9121368, 337, 332, 339, 338, 
9121371, 336, 333, 340, 338, 
9121373, 337, 332, 339, 338, 
9121376, 337, 332, 339, 338, 
9121379, 338, 333, 340, 336, 
9121381, 337, 332, 340, 339, 
9121384, 337, 333, 340, 338, 
9121386, 336, 335, 340, 337, 
9121389, 337, 332, 339, 338, 
9121391, 337, 333, 339, 338, 
9121394, 336, 332, 340, 338, 
9121397, 337, 332, 338, 338, 
9121399, 336, 332, 338, 338, 
9121402, 336, 332, 339, 338, 
9121404, 336, 332, 340, 338, 
9121408, 336, 332, 340, 338, 
9121410, 337, 332, 340, 338, 
9121413, 337, 333, 340, 338, 
9121416, 337, 331, 340, 337, 
9121418, 337, 332, 341, 338, 
9121421, 337, 332, 340, 337, 
9121423, 337, 334, 341, 338, 
9121426, 336, 332, 340, 338, 
9121428, 337, 332, 340, 337, 
9121431, 337, 333, 339, 338, 
9121434, 336, 333, 340, 337, 
9121436, 337, 333, 339, 338, 
9121439, 336, 333, 339, 336, 
9121441, 336, 333, 339, 337, 
9121444, 336, 332, 339, 337, 
9121446, 337, 333, 338, 337, 
9121449, 336, 334, 339, 337, 
9121453, 336, 334, 339, 337, 
9121455, 335, 334, 339, 337, 
9121458, 335, 334, 339, 337, 
9121460, 335, 335, 339, 338, 
9121463, 335, 334, 338, 337, 
9121465, 335, 335, 337, 337, 
9121468, 335, 335, 337, 337, 
9121471, 334, 336, 337, 337, 
9121473, 334, 335, 337, 336, 
9121476, 334, 336, 337, 337, 
9121478, 334, 336, 336, 337, 
9121481, 334, 337, 336, 338, 
9121483, 334, 337, 335, 337, 
9121486, 334, 336, 334, 337, 
9121489, 334, 337, 335, 337, 
9121491, 334, 337, 335, 337, 
9121495, 335, 337, 335, 337, 
9121497, 334, 338, 335, 337, 
9121500, 334, 337, 335, 337, 
9121502, 334, 337, 335, 337, 
9121505, 334, 338, 335, 337, 
9121508, 334, 338, 335, 337, 
9121510, 334, 338, 335, 337, 
9121513, 334, 338, 335, 337, 
9121515, 335, 338, 336, 337, 
9121518, 334, 338, 335, 337, 
9121520, 334, 338, 335, 337, 
9121523, 334, 339, 335, 338, 
9121526, 334, 338, 335, 337, 
9121528, 334, 338, 335, 337, 
9121531, 334, 339, 335, 337, 
9121533, 334, 338, 335, 338, 
9121537, 334, 338, 335, 338, 
9121540, 334, 339, 335, 337, 
9121542, 334, 338, 335, 337, 
9121545, 333, 338, 335, 337, 
9121547, 333, 338, 335, 337, 
9121550, 333, 339, 335, 337, 
9121552, 332, 338, 334, 337, 
9121555, 333, 338, 335, 337, 
9121558, 334, 338, 334, 337, 
9121560, 333, 339, 333, 337, 
9121563, 334, 338, 333, 337, 
9121565, 334, 338, 332, 337, 
9121568, 333, 337, 332, 337, 
9121570, 334, 338, 333, 337, 
9121573, 335, 338, 333, 337, 
9121576, 334, 338, 334, 337, 
9121579, 334, 338, 336, 338, 
9121582, 334, 338, 335, 337, 
9121584, 334, 338, 336, 337, 
9121587, 334, 338, 335, 337, 
9121589, 334, 338, 335, 337, 
9121592, 334, 338, 335, 337, 
9121595, 333, 337, 335, 336, 
9121597, 334, 338, 335, 337, 
9121600, 334, 338, 335, 337, 
9121602, 334, 338, 336, 337, 
9121605, 333, 338, 335, 337, 
9121607, 333, 338, 334, 337, 
9121610, 333, 338, 333, 337, 
9121613, 334, 338, 334, 337, 
9121615, 333, 337, 333, 337, 
9121618, 334, 338, 334, 337, 
9121620, 334, 338, 334, 337, 
9121624, 334, 337, 334, 336, 
9121626, 334, 338, 335, 336, 
9121629, 334, 337, 335, 337, 
9121632, 334, 338, 335, 336, 
9121634, 334, 338, 335, 337, 
9121637, 334, 338, 336, 337, 
9121639, 334, 337, 336, 337, 
9121642, 334, 338, 336, 337, 
9121644, 333, 338, 336, 338, 
9121647, 334, 338, 336, 336, 
9121650, 334, 337, 335, 337, 
9121652, 333, 336, 335, 337, 
9121655, 334, 338, 336, 337, 
9121657, 334, 338, 336, 337, 
9121660, 334, 339, 336, 337, 
9121662, 335, 336, 336, 336, 
9121666, 334, 337, 336, 337, 
9121669, 334, 337, 336, 337, 
9121671, 334, 338, 336, 337, 
9121674, 334, 338, 335, 337, 
9121676, 334, 338, 336, 337, 
9121679, 334, 337, 335, 337, 
9121681, 335, 337, 336, 337, 
9121684, 334, 338, 335, 337, 
9121687, 333, 338, 334, 338, 
9121689, 333, 337, 334, 337, 
9121692, 333, 337, 333, 337, 
9121694, 333, 338, 333, 337, 
9121697, 334, 337, 336, 337, 
9121699, 334, 337, 334, 338, 
9121702, 334, 337, 333, 337, 
9121705, 334, 337, 332, 339, 
9121708, 333, 337, 333, 338, 
9121711, 334, 337, 334, 338, 
9121713, 333, 338, 335, 337, 
9121716, 334, 337, 336, 337, 
9121718, 336, 337, 337, 337, 
9121721, 334, 337, 337, 338, 
9121724, 334, 337, 338, 337, 
9121726, 335, 339, 339, 338, 
9121729, 336, 337, 339, 337, 
9121731, 336, 337, 339, 338, 
9121734, 335, 337, 338, 338, 
9121736, 335, 337, 338, 338, 
9121739, 335, 337, 338, 337, 
9121742, 336, 337, 337, 338, 
9121744, 335, 337, 337, 337, 
9121747, 335, 337, 336, 337, 
9121750, 335, 336, 336, 338, 
9121753, 335, 337, 336, 338, 
9121756, 335, 337, 336, 338, 
9121758, 335, 337, 335, 337, 
9121761, 334, 336, 334, 338, 
9121763, 334, 337, 335, 338, 
9121766, 333, 336, 335, 338, 
9121768, 334, 336, 336, 338, 
9121771, 335, 337, 336, 338, 
9121774, 335, 337, 336, 338, 
9121776, 334, 336, 335, 338, 
9121779, 335, 337, 336, 338, 
9121781, 335, 336, 336, 338, 
9121784, 335, 337, 336, 338, 
9121786, 334, 337, 337, 338, 
9121789, 335, 336, 336, 338, 
9121793, 335, 337, 337, 338, 
9121795, 334, 336, 337, 338, 
9121798, 335, 336, 337, 338, 
9121800, 335, 337, 337, 339, 
9121803, 336, 336, 337, 338, 
9121805, 335, 336, 337, 338, 
9121808, 336, 337, 338, 339, 
9121811, 336, 336, 337, 338, 
9121813, 335, 338, 338, 338, 
9121816, 335, 336, 338, 337, 
9121818, 336, 336, 337, 338, 
9121821, 335, 336, 337, 339, 
9121823, 336, 335, 336, 338, 
9121826, 336, 336, 335, 338, 
9121829, 336, 337, 334, 338, 
9121831, 336, 336, 334, 338, 
9121835, 336, 336, 334, 338, 
9121837, 335, 337, 336, 338, 
9121840, 336, 336, 336, 338, 
9121842, 335, 336, 337, 338, 
9121845, 335, 336, 337, 338, 
9121848, 337, 336, 336, 338, 
9121850, 336, 335, 336, 337, 
9121853, 336, 336, 336, 338, 
9121855, 336, 337, 337, 338, 
9121858, 336, 336, 337, 338, 
9121860, 336, 336, 337, 338, 
9121863, 336, 336, 338, 338, 
9121866, 336, 336, 338, 338, 
9121868, 336, 335, 338, 338, 
9121871, 336, 335, 338, 338, 
9121873, 335, 336, 337, 337, 
9121876, 336, 336, 338, 337, 
9121879, 335, 336, 337, 338, 
9121882, 336, 336, 338, 338, 
9121885, 336, 336, 337, 337, 
9121887, 336, 335, 336, 338, 
9121890, 336, 335, 336, 338, 
9121892, 336, 336, 336, 338, 
9121895, 336, 336, 336, 338, 
9121897, 336, 336, 337, 338, 
9121900, 336, 335, 336, 337, 
9121903, 336, 336, 335, 338, 
9121905, 336, 336, 335, 338, 
9121908, 336, 336, 335, 338, 
9121910, 336, 336, 335, 338, 
9121913, 336, 336, 335, 337, 
9121915, 335, 336, 336, 338, 
9121918, 336, 336, 337, 337, 
9121922, 335, 336, 338, 338, 
9121924, 336, 336, 338, 338, 
9121927, 336, 336, 338, 338, 
9121929, 336, 336, 338, 338, 
9121932, 337, 336, 338, 337, 
9121934, 337, 336, 338, 337, 
9121937, 337, 336, 337, 338, 
9121940, 337, 336, 337, 338, 
9121942, 335, 336, 337, 337, 
9121945, 337, 336, 336, 338, 
9121947, 336, 337, 337, 338, 
9121950, 337, 336, 337, 338, 
9121953, 337, 336, 337, 338, 
9121955, 336, 336, 337, 337, 
9121958, 336, 336, 338, 337, 
9121960, 336, 336, 338, 337, 
9121964, 335, 334, 338, 338, 
9121966, 335, 336, 338, 337, 
9121969, 335, 336, 338, 337, 
9121972, 335, 336, 338, 337, 
9121974, 336, 336, 338, 338, 
9121977, 336, 336, 338, 337, 
9121979, 336, 336, 337, 338, 
9121982, 336, 337, 337, 337, 
9121984, 335, 336, 336, 337, 
9121987, 336, 336, 336, 338, 
9121990, 336, 336, 336, 338, 
9121992, 337, 335, 337, 338, 
9121995, 337, 336, 337, 338, 
9121997, 337, 336, 336, 338, 
9122000, 337, 336, 335, 338, 
9122002, 336, 336, 337, 338, 
9122006, 337, 336, 336, 338, 
9122009, 336, 336, 337, 338, 
9122011, 336, 336, 337, 337, 
9122014, 337, 335, 338, 338, 
9122016, 337, 336, 337, 338, 
9122019, 337, 336, 337, 338, 
9122021, 338, 336, 337, 338, 
9122024, 336, 336, 337, 337, 
9122027, 337, 335, 337, 338, 
9122029, 337, 335, 339, 339, 
9122032, 337, 336, 338, 337, 
9122034, 337, 337, 339, 338, 
9122037, 337, 336, 341, 338, 
9122039, 336, 337, 339, 337, 
9122042, 336, 336, 339, 338, 
9122045, 337, 335, 338, 338, 
9122048, 336, 336, 337, 338, 
9122051, 337, 336, 336, 338, 
9122053, 337, 336, 335, 338, 
9122056, 337, 335, 334, 338, 
9122058, 339, 336, 334, 338, 
9122061, 337, 336, 335, 338, 
9122064, 336, 336, 336, 338, 
9122066, 336, 338, 336, 337, 
9122069, 336, 336, 336, 337, 
9122071, 337, 336, 336, 337, 
9122074, 337, 336, 337, 337, 
9122076, 337, 336, 336, 338, 
9122079, 338, 336, 336, 337, 
9122082, 336, 336, 336, 337, 
9122084, 336, 336, 337, 338, 
9122087, 336, 336, 338, 337, 
9122089, 336, 337, 338, 337, 
9122093, 337, 337, 338, 336, 
9122095, 336, 337, 338, 337, 
9122098, 335, 336, 339, 337, 
9122101, 337, 337, 339, 337, 
9122103, 337, 337, 338, 337, 
9122106, 337, 337, 338, 337, 
9122108, 337, 336, 337, 337, 
9122111, 337, 336, 338, 337, 
9122113, 336, 336, 338, 337, 
9122116, 335, 337, 338, 337, 
9122119, 337, 336, 336, 337, 
9122121, 336, 336, 335, 337, 
9122124, 336, 337, 334, 337, 
9122126, 337, 336, 332, 337, 
9122129, 337, 337, 333, 337, 
9122131, 338, 336, 333, 338, 
9122135, 338, 336, 334, 337, 
9122138, 337, 336, 336, 337, 
9122140, 337, 337, 337, 337, 
9122143, 337, 337, 337, 338, 
9122145, 337, 337, 336, 337, 
9122148, 338, 337, 337, 338, 
9122150, 337, 336, 336, 337, 
9122153, 337, 336, 337, 338, 
9122156, 337, 336, 337, 338, 
9122158, 337, 337, 338, 338, 
9122161, 337, 337, 338, 337, 
9122163, 336, 336, 338, 337, 
9122166, 336, 337, 338, 337, 
9122169, 335, 337, 337, 338, 
9122171, 336, 337, 336, 337, 
9122174, 336, 337, 337, 337, 
9122177, 336, 336, 337, 337, 
9122180, 336, 336, 336, 338, 
9122182, 336, 336, 336, 338, 
9122185, 336, 336, 336, 337, 
9122188, 337, 336, 336, 338, 
9122190, 338, 336, 337, 337, 
9122193, 337, 335, 337, 337, 
9122195, 338, 335, 338, 337, 
9122198, 338, 334, 339, 337, 
9122200, 338, 335, 339, 337, 
9122203, 338, 335, 339, 337, 
9122206, 338, 335, 339, 336, 
9122208, 338, 335, 338, 337, 
9122211, 337, 335, 337, 336, 
9122213, 338, 336, 337, 336, 
9122216, 338, 336, 337, 337, 
9122219, 337, 336, 336, 335, 
9122222, 337, 337, 337, 336, 
9122225, 337, 336, 336, 336, 
9122227, 337, 337, 336, 336, 
9122230, 336, 337, 336, 336, 
9122232, 337, 337, 335, 336, 
9122235, 336, 337, 335, 336, 
9122237, 337, 337, 336, 336, 
9122240, 337, 336, 335, 336, 
9122243, 336, 337, 335, 337, 
9122245, 336, 338, 334, 337, 
9122248, 335, 337, 333, 337, 
9122250, 336, 338, 333, 337, 
9122253, 336, 338, 334, 338, 
9122255, 337, 337, 334, 338, 
9122258, 338, 337, 335, 338, 
9122262, 337, 337, 335, 337, 
9122264, 337, 337, 336, 336, 
9122267, 337, 336, 336, 338, 
9122269, 335, 337, 335, 337, 
9122272, 336, 337, 336, 337, 
9122274, 336, 336, 336, 336, 
9122277, 336, 336, 336, 337, 
9122280, 337, 337, 337, 338, 
9122282, 337, 337, 338, 338, 
9122285, 336, 337, 338, 338, 
9122287, 336, 336, 339, 337, 
9122290, 336, 336, 339, 337, 
9122292, 336, 336, 339, 338, 
9122295, 336, 336, 339, 338, 
9122298, 337, 336, 339, 338, 
9122300, 337, 336, 339, 338, 
9122304, 336, 336, 338, 338, 
9122306, 337, 336, 337, 338, 
9122309, 337, 335, 335, 338, 
9122311, 337, 336, 335, 338, 
9122314, 337, 336, 335, 338, 
9122317, 337, 335, 334, 338, 
9122319, 337, 335, 334, 338, 
9122322, 337, 336, 335, 338, 
9122324, 337, 335, 335, 338, 
9122327, 337, 336, 336, 338, 
9122329, 337, 335, 337, 338, 
9122332, 337, 335, 337, 338, 
9122335, 337, 335, 338, 338, 
9122337, 337, 335, 338, 338, 
9122340, 337, 336, 340, 338, 
9122342, 338, 335, 339, 338, 
9122345, 337, 335, 339, 338, 
9122348, 337, 335, 340, 340, 
9122351, 336, 335, 340, 338, 
9122354, 336, 335, 340, 337, 
9122356, 336, 335, 340, 338, 
9122359, 336, 335, 340, 338, 
9122361, 337, 335, 340, 338, 
9122364, 337, 335, 339, 338, 
9122367, 337, 335, 339, 338, 
9122369, 337, 336, 338, 338, 
9122372, 337, 337, 336, 338, 
9122374, 337, 335, 335, 338, 
9122377, 337, 335, 337, 338, 
9122379, 337, 335, 335, 338, 
9122382, 337, 335, 335, 338, 
9122385, 337, 335, 336, 338, 
9122387, 337, 334, 337, 338, 
9122391, 337, 335, 338, 338, 
9122393, 337, 333, 339, 338, 
9122396, 338, 334, 339, 337, 
9122398, 339, 335, 339, 338, 
9122401, 338, 334, 339, 338, 
9122404, 337, 335, 339, 338, 
9122406, 337, 336, 339, 338, 
9122409, 337, 334, 338, 338, 
9122411, 337, 334, 338, 338, 
9122414, 337, 333, 338, 338, 
9122416, 337, 334, 338, 338, 
9122419, 337, 334, 339, 337, 
9122422, 338, 334, 340, 338, 
9122424, 337, 334, 340, 337, 
9122427, 337, 334, 340, 338, 
9122429, 337, 334, 339, 338, 
9122433, 337, 334, 339, 338, 
9122435, 338, 334, 339, 338, 
9122438, 338, 334, 338, 337, 
9122441, 338, 334, 339, 337, 
9122443, 337, 333, 340, 338, 
9122446, 338, 334, 341, 338, 
9122448, 338, 334, 340, 337, 
9122451, 337, 334, 339, 338, 
9122453, 338, 334, 338, 338, 
9122456, 337, 333, 336, 337, 
9122459, 337, 334, 336, 338, 
9122461, 338, 333, 337, 337, 
9122464, 337, 332, 338, 338, 
9122466, 337, 334, 339, 337, 
9122469, 337, 333, 339, 337, 
9122471, 337, 333, 339, 337, 
9122475, 336, 333, 339, 337, 
9122478, 336, 333, 339, 337, 
9122480, 337, 333, 341, 338, 
9122483, 337, 333, 342, 337, 
9122485, 337, 333, 343, 337, 
9122488, 337, 333, 343, 337, 
9122490, 338, 333, 344, 337, 
9122493, 338, 333, 343, 337, 
9122496, 339, 332, 342, 337, 
9122498, 337, 332, 341, 337, 
9122501, 338, 333, 340, 338, 
9122503, 338, 332, 341, 337, 
9122506, 337, 333, 340, 337, 
9122508, 338, 333, 340, 337, 
9122511, 337, 332, 339, 337, 
9122514, 337, 334, 340, 337, 
9122516, 337, 333, 339, 337, 
9122520, 338, 333, 339, 337, 
9122522, 337, 332, 338, 337, 
9122525, 336, 332, 338, 337, 
9122527, 337, 333, 339, 337, 
9122530, 337, 333, 339, 338, 
9122533, 338, 333, 340, 337, 
9122535, 337, 333, 340, 338, 
9122538, 339, 333, 341, 336, 
9122540, 338, 333, 341, 337, 
9122543, 338, 334, 342, 337, 
9122545, 338, 334, 342, 336, 
9122548, 337, 334, 342, 336, 
9122551, 337, 335, 341, 336, 
9122553, 336, 334, 341, 336, 
9122556, 337, 335, 341, 336, 
9122558, 337, 335, 341, 336, 
9122562, 337, 335, 341, 336, 
9122564, 336, 335, 339, 336, 
9122567, 335, 335, 337, 336, 
9122570, 336, 335, 336, 336, 
9122572, 335, 336, 335, 336, 
9122575, 336, 336, 334, 336, 
9122577, 336, 336, 332, 335, 
9122580, 336, 337, 333, 335, 
9122583, 336, 335, 332, 336, 
9122585, 336, 336, 333, 335, 
9122588, 335, 336, 334, 336, 
9122590, 336, 336, 335, 335, 
9122593, 337, 336, 336, 335, 
9122595, 336, 336, 336, 335, 
9122598, 336, 336, 337, 335, 
9122601, 336, 336, 337, 335, 
9122604, 336, 336, 337, 335, 
9122607, 337, 336, 337, 335, 
9122609, 335, 336, 337, 334, 
9122612, 336, 336, 337, 335, 
9122614, 335, 337, 337, 334, 
9122617, 335, 336, 338, 335, 
9122620, 335, 337, 337, 335, 
9122622, 334, 337, 334, 334, 
9122625, 335, 336, 333, 335, 
9122627, 335, 336, 331, 335, 
9122630, 335, 336, 331, 335, 
9122632, 335, 337, 331, 335, 
9122635, 333, 336, 331, 334, 
9122638, 335, 336, 332, 335, 
9122640, 335, 337, 333, 335, 
9122643, 335, 336, 334, 335, 
9122646, 335, 336, 333, 335, 
9122649, 336, 336, 334, 334, 
9122651, 335, 336, 334, 336, 
9122654, 335, 336, 334, 335, 
9122657, 335, 337, 334, 334, 
9122659, 335, 337, 334, 335, 
9122662, 336, 337, 334, 335, 
9122664, 335, 336, 334, 334, 
9122667, 336, 337, 335, 334, 
9122669, 336, 336, 335, 335, 
9122672, 336, 335, 335, 335, 
9122675, 336, 336, 334, 335, 
9122677, 335, 336, 333, 335, 
9122680, 335, 336, 332, 335, 
9122682, 336, 336, 331, 335, 
9122685, 336, 337, 331, 335, 
9122688, 336, 336, 331, 337, 
9122691, 335, 336, 331, 335, 
9122694, 336, 336, 331, 335, 
9122696, 335, 337, 333, 335, 
9122699, 335, 336, 333, 335, 
9122701, 335, 337, 334, 335, 
9122704, 335, 337, 334, 335, 
9122706, 335, 337, 334, 335, 
9122709, 335, 336, 335, 335, 
9122712, 335, 336, 335, 335, 
9122714, 335, 337, 335, 335, 
9122717, 335, 337, 337, 336, 
9122719, 335, 336, 335, 334, 
9122722, 336, 337, 335, 335, 
9122724, 336, 337, 336, 336, 
9122727, 336, 337, 336, 335, 
9122731, 336, 336, 336, 335, 
9122733, 336, 337, 336, 335, 
9122736, 337, 337, 336, 335, 
9122738, 338, 337, 336, 335, 
9122741, 336, 337, 336, 335, 
9122743, 336, 337, 336, 335, 
9122746, 335, 338, 334, 335, 
9122749, 335, 337, 333, 335, 
9122751, 336, 337, 333, 336, 
9122754, 336, 337, 332, 336, 
9122756, 337, 337, 332, 336, 
9122759, 336, 338, 333, 335, 
9122761, 336, 337, 333, 335, 
9122764, 337, 338, 334, 335, 
9122767, 336, 337, 335, 335, 
9122769, 336, 337, 335, 335, 
9122772, 335, 337, 335, 335, 
9122775, 336, 337, 334, 335, 
9122778, 336, 338, 334, 335, 
9122780, 337, 338, 334, 335, 
9122783, 337, 339, 335, 336, 
9122786, 337, 337, 334, 335, 
9122788, 337, 337, 334, 334, 
9122791, 337, 337, 335, 335, 
9122793, 338, 337, 334, 335, 
9122796, 337, 338, 333, 335, 
9122799, 339, 337, 333, 336, 
9122801, 337, 337, 331, 335, 
9122804, 337, 338, 332, 335, 
9122806, 337, 338, 331, 336, 
9122809, 337, 337, 330, 335, 
9122811, 337, 338, 330, 336, 
9122814, 337, 338, 330, 335, 
9122818, 335, 337, 329, 335, 
9122820, 337, 337, 330, 335, 
9122823, 337, 337, 331, 335, 
9122825, 337, 337, 332, 334, 
9122828, 337, 338, 332, 335, 
9122830, 336, 337, 333, 335, 
9122833, 336, 337, 333, 333, 
9122836, 336, 338, 334, 335, 
9122838, 336, 337, 334, 335, 
9122841, 336, 337, 334, 335, 
9122843, 336, 337, 334, 335, 
9122846, 336, 337, 334, 335, 
9122848, 337, 337, 335, 335, 
9122851, 335, 337, 334, 335, 
9122854, 336, 338, 333, 334, 
9122856, 336, 337, 332, 335, 
9122860, 335, 336, 331, 335, 
9122862, 336, 338, 331, 334, 
9122865, 337, 336, 331, 335, 
9122867, 337, 337, 332, 335, 
9122870, 337, 336, 333, 336, 
9122873, 337, 336, 332, 336, 
9122875, 337, 336, 332, 335, 
9122878, 337, 336, 332, 335, 
9122880, 337, 336, 333, 335, 
9122883, 337, 335, 333, 335, 
9122885, 338, 335, 334, 334, 
9122888, 337, 335, 334, 335, 
9122891, 337, 335, 334, 334, 
9122893, 337, 335, 335, 334, 
9122896, 337, 335, 335, 335, 
9122898, 337, 335, 335, 335, 
9122902, 336, 336, 335, 335, 
9122904, 337, 335, 335, 334, 
9122907, 337, 335, 335, 334, 
9122910, 337, 334, 334, 334, 
9122912, 337, 335, 335, 334, 
9122915, 337, 334, 334, 334, 
9122917, 337, 334, 334, 335, 
9122920, 337, 334, 334, 334, 
9122922, 337, 334, 333, 335, 
9122925, 337, 334, 332, 335, 
9122928, 337, 333, 331, 334, 
9122930, 337, 334, 332, 334, 
9122933, 338, 333, 331, 335, 
9122935, 338, 333, 331, 335, 
9122938, 337, 333, 330, 335, 
9122940, 338, 332, 331, 334, 
9122944, 338, 333, 332, 334, 
9122947, 338, 331, 333, 334, 
9122949, 338, 332, 334, 335, 
9122952, 339, 333, 335, 335, 
9122954, 338, 332, 335, 333, 
9122957, 337, 332, 335, 334, 
9122959, 338, 333, 335, 334, 
9122962, 337, 333, 335, 334, 
9122965, 336, 332, 334, 334, 
9122967, 335, 332, 334, 333, 
9122970, 337, 332, 333, 335, 
9122972, 338, 332, 333, 335, 
9122975, 337, 332, 333, 335, 
9122977, 337, 332, 333, 335, 
9122980, 337, 332, 333, 335, 
9122983, 337, 331, 333, 335, 
9122985, 337, 332, 332, 335, 
9122989, 338, 332, 332, 335, 
9122991, 337, 332, 331, 335, 
9122994, 338, 332, 331, 335, 
9122997, 338, 331, 331, 335, 
9122999, 338, 331, 333, 335, 
9123002, 338, 332, 334, 335, 
9123004, 338, 332, 333, 335, 
9123007, 339, 331, 333, 334, 
9123009, 340, 332, 332, 335, 
9123012, 339, 331, 332, 335, 
9123015, 339, 331, 332, 336, 
9123017, 339, 331, 332, 334, 
9123020, 339, 331, 334, 335, 
9123022, 339, 331, 333, 335, 
9123025, 338, 331, 334, 334, 
9123027, 338, 331, 334, 335, 
9123031, 339, 331, 335, 334, 
9123034, 339, 331, 334, 335, 
9123036, 339, 331, 335, 336, 
9123039, 338, 331, 334, 334, 
9123041, 337, 331, 335, 335, 
9123044, 338, 331, 335, 334, 
9123046, 338, 331, 334, 335, 
9123049, 338, 332, 333, 336, 
9123052, 338, 330, 332, 334, 
9123054, 338, 330, 330, 335, 
9123057, 338, 331, 332, 335, 
9123059, 338, 330, 331, 335, 
9123062, 339, 330, 332, 335, 
9123064, 339, 331, 332, 336, 
9123067, 338, 330, 332, 335, 
9123070, 338, 330, 333, 335, 
9123073, 338, 331, 334, 335, 
9123076, 337, 330, 334, 335, 
9123078, 340, 331, 333, 336, 
9123081, 337, 330, 333, 334, 
9123083, 338, 331, 333, 335, 
9123086, 338, 332, 333, 335, 
9123089, 337, 331, 334, 336, 
9123091, 337, 331, 335, 335, 
9123094, 338, 331, 335, 335, 
9123096, 337, 331, 335, 336, 
9123099, 338, 331, 335, 335, 
9123101, 338, 331, 334, 336, 
9123104, 338, 332, 333, 336, 
9123107, 339, 331, 332, 334, 
9123109, 337, 331, 332, 335, 
9123112, 337, 331, 331, 336, 
9123115, 337, 331, 331, 335, 
9123118, 337, 331, 330, 336, 
9123120, 337, 332, 330, 335, 
9123123, 336, 331, 330, 335, 
9123126, 336, 331, 329, 336, 
9123128, 336, 332, 330, 337, 
9123131, 337, 332, 331, 336, 
9123133, 337, 332, 332, 336, 
9123136, 336, 331, 332, 335, 
9123138, 338, 331, 334, 336, 
9123141, 337, 332, 335, 336, 
9123144, 338, 332, 335, 336, 
9123146, 338, 332, 336, 336, 
9123149, 338, 331, 335, 335, 
9123151, 338, 331, 335, 336, 
9123154, 338, 332, 335, 336, 
9123156, 338, 332, 335, 335, 
9123160, 338, 334, 335, 336, 
9123163, 339, 332, 335, 336, 
9123165, 338, 333, 333, 336, 
9123168, 339, 332, 334, 336, 
9123170, 338, 332, 332, 336, 
9123173, 338, 332, 332, 336, 
9123175, 337, 333, 330, 337, 
9123178, 337, 332, 329, 336, 
9123181, 337, 332, 330, 336, 
9123183, 337, 332, 332, 336, 
9123186, 337, 333, 334, 336, 
9123188, 338, 332, 334, 336, 
9123191, 337, 332, 334, 336, 
9123193, 337, 330, 333, 336, 
9123196, 337, 333, 333, 336, 
9123200, 338, 332, 333, 336, 
9123202, 338, 332, 332, 336, 
9123205, 337, 332, 333, 336, 
9123207, 337, 332, 333, 336, 
9123210, 337, 332, 333, 336, 
9123213, 338, 333, 333, 336, 
9123215, 338, 333, 334, 336, 
9123218, 338, 334, 334, 335, 
9123220, 337, 332, 333, 336, 
9123223, 337, 332, 333, 337, 
9123225, 338, 332, 333, 336, 
9123228, 339, 333, 333, 336, 
9123231, 338, 333, 334, 337, 
9123233, 337, 333, 332, 335, 
9123236, 337, 333, 331, 336, 
9123238, 337, 333, 331, 335, 
9123241, 337, 333, 331, 335, 
9123244, 337, 333, 331, 336, 
9123247, 336, 333, 332, 335, 
9123250, 337, 333, 333, 336, 
9123252, 337, 333, 334, 336, 
9123255, 337, 333, 334, 336, 
9123257, 338, 333, 334, 336, 
9123260, 339, 333, 332, 335, 
9123262, 339, 333, 331, 335, 
9123265, 338, 334, 331, 336, 
9123268, 338, 333, 331, 336, 
9123270, 339, 334, 331, 335, 
9123273, 338, 334, 331, 335, 
9123275, 338, 333, 330, 334, 
9123278, 338, 331, 330, 335, 
9123280, 338, 334, 331, 336, 
9123283, 339, 334, 331, 335, 
9123287, 338, 334, 332, 336, 
9123289, 338, 333, 332, 335, 
9123292, 337, 334, 332, 335, 
9123294, 338, 334, 332, 335, 
9123297, 337, 334, 332, 335, 
9123299, 338, 334, 332, 335, 
9123302, 338, 334, 332, 335, 
9123305, 338, 334, 333, 335, 
9123307, 338, 334, 332, 334, 
9123310, 339, 334, 333, 336, 
9123312, 339, 335, 333, 335, 
9123315, 340, 334, 333, 335, 
9123317, 338, 334, 332, 335, 
9123320, 339, 335, 332, 336, 
9123323, 338, 335, 333, 336, 
9123325, 338, 336, 332, 336, 
9123329, 338, 335, 332, 336, 
9123331, 337, 335, 331, 335, 
9123334, 338, 335, 331, 335, 
9123336, 337, 335, 331, 336, 
9123339, 338, 335, 331, 336, 
9123342, 338, 335, 331, 336, 
9123344, 337, 335, 331, 335, 
9123347, 337, 335, 332, 335, 
9123349, 337, 335, 331, 335, 
9123352, 336, 335, 330, 336, 
9123354, 337, 335, 330, 335, 
9123357, 337, 335, 331, 336, 
9123360, 337, 335, 332, 336, 
9123362, 338, 335, 333, 336, 
9123365, 339, 335, 333, 336, 
9123367, 339, 334, 333, 338, 
9123371, 339, 334, 333, 336, 
9123373, 340, 333, 333, 335, 
9123376, 340, 333, 335, 335, 
9123379, 340, 333, 335, 335, 
9123381, 342, 333, 335, 335, 
9123384, 340, 333, 334, 335, 
9123386, 340, 333, 333, 334, 
9123389, 340, 335, 333, 334, 
9123391, 341, 333, 333, 334, 
9123394, 341, 334, 333, 334, 
9123397, 341, 335, 335, 334, 
9123399, 340, 334, 331, 334, 
9123402, 340, 335, 331, 334, 
9123404, 341, 336, 331, 335, 
9123407, 340, 336, 332, 334, 
9123410, 340, 336, 332, 334, 
9123412, 339, 336, 332, 334, 
9123416, 338, 336, 331, 334, 
9123418, 340, 337, 331, 335, 
9123421, 338, 337, 330, 335, 
9123423, 338, 337, 331, 335, 
9123426, 338, 338, 332, 335, 
9123429, 338, 336, 331, 335, 
9123431, 339, 337, 331, 335, 
9123434, 339, 337, 331, 336, 
9123436, 338, 337, 331, 337, 
9123439, 339, 337, 332, 336, 
9123441, 339, 336, 331, 336, 
9123444, 339, 337, 331, 336, 
9123447, 340, 336, 331, 336, 
9123449, 340, 336, 332, 337, 
9123452, 340, 336, 332, 336, 
9123454, 340, 336, 331, 336, 
9123458, 339, 336, 331, 336, 
9123460, 340, 337, 331, 336, 
9123463, 340, 337, 331, 337, 
9123466, 339, 336, 332, 337, 
9123468, 339, 335, 331, 336, 
9123471, 338, 336, 332, 336, 
9123473, 339, 336, 332, 336, 
9123476, 339, 336, 331, 337, 
9123478, 339, 336, 333, 337, 
9123481, 339, 336, 333, 337, 
9123484, 339, 335, 332, 337, 
9123486, 340, 336, 333, 336, 
9123489, 340, 336, 333, 337, 
9123491, 341, 336, 334, 337, 
9123494, 340, 335, 335, 337, 
9123496, 340, 335, 334, 337, 
9123500, 341, 336, 335, 337, 
9123503, 341, 336, 334, 337, 
9123505, 341, 336, 334, 336, 
9123508, 341, 336, 334, 337, 
9123510, 341, 335, 333, 337, 
9123513, 341, 335, 334, 337, 
9123515, 341, 336, 335, 337, 
9123518, 340, 335, 334, 338, 
9123521, 341, 336, 334, 337, 
9123523, 340, 336, 333, 337, 
9123526, 340, 336, 332, 337, 
9123528, 340, 336, 332, 338, 
9123531, 340, 336, 332, 337, 
9123533, 339, 336, 333, 338, 
9123536, 340, 335, 334, 338, 
9123539, 339, 335, 334, 337, 
9123542, 340, 335, 335, 337, 
9123545, 341, 335, 335, 337, 
9123547, 340, 336, 335, 338, 
9123550, 341, 336, 334, 338, 
9123552, 340, 335, 333, 337, 
9123555, 341, 335, 333, 338, 
9123558, 341, 335, 333, 338, 
9123560, 341, 335, 333, 339, 
9123563, 341, 336, 334, 338, 
9123565, 341, 335, 333, 337, 
9123568, 340, 335, 333, 338, 
9123570, 340, 335, 333, 338, 
9123573, 341, 335, 334, 339, 
9123576, 340, 336, 334, 338, 
9123578, 340, 335, 334, 337, 
9123581, 340, 334, 333, 337, 
9123584, 340, 335, 334, 338, 
9123587, 341, 335, 334, 338, 
9123589, 341, 336, 334, 338, 
9123592, 341, 335, 333, 337, 
9123595, 341, 335, 332, 338, 
9123597, 341, 335, 332, 337, 
9123600, 341, 334, 333, 337, 
9123602, 341, 335, 334, 338, 
9123605, 341, 335, 333, 338, 
9123607, 340, 334, 333, 337, 
9123610, 340, 334, 334, 337, 
9123613, 342, 335, 334, 338, 
9123615, 342, 335, 334, 338, 
9123618, 342, 334, 334, 338, 
9123620, 343, 335, 333, 337, 
9123623, 342, 334, 334, 337, 
9123627, 343, 335, 335, 338, 
9123629, 343, 335, 334, 338, 
9123632, 342, 335, 335, 338, 
9123634, 342, 335, 336, 337, 
9123637, 342, 334, 335, 338, 
9123639, 342, 333, 335, 337, 
9123642, 342, 335, 335, 337, 
9123645, 342, 335, 335, 338, 
9123647, 341, 335, 335, 338, 
9123650, 341, 334, 335, 338, 
9123652, 341, 334, 335, 338, 
9123655, 341, 334, 335, 338, 
9123657, 341, 336, 336, 338, 
9123660, 341, 334, 336, 338, 
9123663, 341, 334, 336, 338, 
9123665, 340, 334, 335, 337, 
9123668, 341, 334, 335, 338, 
9123671, 341, 335, 335, 338, 
9123674, 343, 334, 335, 338, 
9123676, 343, 334, 335, 338, 
9123679, 342, 333, 335, 338, 
9123682, 343, 334, 335, 338, 
9123684, 343, 334, 335, 337, 
9123687, 343, 334, 335, 337, 
9123689, 343, 334, 335, 338, 
9123692, 343, 333, 335, 338, 
9123694, 344, 334, 333, 337, 
9123697, 344, 335, 334, 338, 
9123700, 343, 334, 337, 338, 
9123702, 343, 335, 335, 338, 
9123705, 343, 335, 335, 338, 
9123707, 343, 335, 334, 338, 
9123710, 343, 335, 334, 338, 
9123713, 342, 335, 334, 338, 
9123716, 342, 335, 333, 338, 
9123719, 342, 335, 333, 337, 
9123721, 344, 335, 334, 338, 
9123724, 342, 336, 334, 337, 
9123726, 342, 336, 335, 338, 
9123729, 342, 337, 335, 338, 
9123731, 342, 337, 335, 337, 
9123734, 341, 336, 334, 337, 
9123737, 342, 337, 334, 338, 
9123739, 341, 337, 333, 338, 
9123742, 341, 337, 332, 338, 
9123744, 341, 338, 332, 338, 
9123747, 341, 337, 332, 337, 
9123749, 342, 338, 332, 337, 
9123752, 342, 339, 331, 338, 
9123756, 342, 339, 331, 337, 
9123758, 341, 339, 332, 338, 
9123761, 341, 339, 331, 338, 
9123763, 340, 338, 331, 337, 
9123766, 340, 340, 331, 338, 
9123768, 339, 340, 331, 338, 
9123771, 339, 339, 331, 338, 
9123774, 339, 339, 331, 338, 
9123776, 339, 340, 330, 337, 
9123779, 341, 339, 330, 338, 
9123781, 340, 340, 330, 338, 
9123784, 341, 340, 331, 337, 
9123786, 341, 340, 331, 337, 
9123789, 340, 340, 330, 337, 
9123792, 340, 340, 331, 337, 
9123794, 341, 340, 331, 337, 
9123798, 342, 340, 330, 338, 
9123800, 341, 340, 331, 337, 
9123803, 341, 342, 330, 337, 
9123805, 340, 340, 330, 338, 
9123808, 340, 341, 329, 337, 
9123811, 341, 340, 330, 338, 
9123813, 341, 340, 329, 338, 
9123816, 340, 340, 329, 337, 
9123818, 340, 340, 328, 338, 
9123821, 340, 341, 328, 339, 
9123824, 340, 341, 328, 338, 
9123826, 341, 341, 329, 337, 
9123829, 341, 340, 328, 337, 
9123831, 340, 341, 328, 338, 
9123834, 340, 341, 328, 338, 
9123836, 340, 339, 327, 337, 
9123840, 340, 341, 329, 337, 
9123843, 340, 340, 330, 338, 
9123845, 339, 341, 329, 337, 
9123848, 340, 340, 330, 338, 
9123850, 340, 341, 330, 338, 
9123853, 341, 341, 330, 338, 
9123855, 340, 341, 330, 338, 
9123858, 340, 340, 329, 337, 
9123861, 341, 341, 329, 338, 
9123863, 341, 341, 329, 338, 
9123866, 341, 341, 329, 338, 
9123868, 341, 341, 329, 338, 
9123871, 341, 341, 329, 338, 
9123873, 340, 341, 329, 338, 
9123876, 341, 340, 329, 338, 
9123879, 341, 341, 330, 339, 
9123881, 341, 340, 330, 338, 
9123885, 341, 340, 329, 337, 
9123887, 341, 340, 329, 338, 
9123890, 341, 340, 330, 338, 
9123892, 342, 341, 329, 339, 
9123895, 342, 341, 329, 338, 
9123898, 343, 341, 328, 339, 
9123900, 342, 340, 327, 339, 
9123903, 342, 340, 327, 339, 
9123905, 343, 342, 328, 339, 
9123908, 342, 341, 328, 339, 
9123910, 342, 340, 328, 338, 
9123913, 341, 340, 329, 338, 
9123916, 342, 340, 330, 338, 
9123918, 342, 340, 331, 339, 
9123921, 341, 339, 331, 339, 
9123923, 342, 340, 331, 338, 
9123927, 341, 340, 331, 339, 
9123929, 341, 340, 330, 339, 
9123932, 342, 340, 331, 339, 
9123935, 342, 340, 331, 340, 
9123937, 342, 340, 331, 339, 
9123940, 342, 339, 331, 339, 
9123942, 342, 340, 331, 338, 
9123945, 341, 340, 331, 339, 
9123947, 342, 341, 331, 339, 
9123950, 342, 339, 330, 339, 
9123953, 342, 340, 331, 339, 
9123955, 342, 340, 330, 340, 
9123958, 342, 340, 330, 339, 
9123960, 343, 340, 329, 339, 
9123963, 343, 340, 329, 339, 
9123965, 343, 339, 328, 339, 
9123969, 342, 340, 328, 339, 
9123972, 343, 340, 328, 339, 
9123974, 343, 339, 329, 338, 
9123977, 343, 340, 329, 340, 
9123979, 343, 341, 330, 339, 
9123982, 343, 340, 329, 339, 
9123984, 342, 340, 330, 339, 
9123987, 342, 340, 331, 340, 
9123990, 343, 340, 331, 339, 
9123992, 342, 340, 332, 339, 
9123995, 342, 339, 334, 340, 
9123997, 343, 339, 333, 339, 
9124000, 343, 340, 333, 339, 
9124002, 343, 340, 334, 340, 
9124005, 343, 340, 333, 339, 
9124008, 343, 340, 333, 340, 
9124011, 342, 340, 332, 339, 
9124014, 343, 340, 332, 339, 
9124016, 343, 339, 332, 339, 
9124019, 342, 340, 332, 339, 
9124021, 342, 340, 330, 340, 
9124024, 342, 340, 331, 340, 
9124027, 341, 339, 331, 340, 
9124029, 342, 340, 332, 340, 
9124032, 341, 339, 332, 340, 
9124034, 341, 340, 330, 340, 
9124037, 341, 341, 331, 339, 
9124040, 341, 340, 328, 340, 
9124042, 342, 340, 330, 340, 
9124045, 343, 339, 329, 340, 
9124047, 342, 340, 329, 341, 
9124050, 343, 340, 330, 340, 
9124052, 343, 339, 329, 340, 
9124056, 343, 340, 331, 340, 
9124059, 342, 339, 332, 340, 
9124061, 345, 340, 333, 340, 
9124064, 342, 339, 334, 339, 
9124066, 342, 340, 334, 339, 
9124069, 342, 342, 335, 341, 
9124071, 342, 340, 335, 339, 
9124074, 343, 340, 335, 339, 
9124077, 342, 340, 337, 339, 
9124079, 342, 339, 335, 340, 
9124082, 341, 339, 334, 339, 
9124084, 342, 340, 334, 340, 
9124087, 342, 339, 334, 340, 
9124089, 342, 340, 334, 340, 
9124092, 342, 341, 334, 340, 
9124096, 341, 339, 333, 340, 
9124098, 341, 340, 334, 340, 
9124101, 341, 339, 334, 340, 
9124103, 340, 340, 333, 340, 
9124106, 341, 341, 333, 340, 
9124108, 341, 339, 332, 340, 
9124111, 340, 339, 333, 341, 
9124114, 340, 340, 333, 340, 
9124116, 340, 340, 333, 340, 
9124119, 339, 339, 333, 340, 
9124121, 340, 339, 332, 341, 
9124124, 340, 340, 332, 340, 
9124126, 342, 339, 332, 340, 
9124129, 341, 339, 332, 341, 
9124132, 342, 339, 332, 340, 
9124134, 344, 339, 333, 340, 
9124137, 342, 339, 333, 340, 
9124140, 342, 340, 334, 340, 
9124143, 342, 339, 335, 340, 
9124145, 342, 339, 336, 340, 
9124148, 341, 339, 336, 340, 
9124151, 341, 339, 335, 340, 
9124153, 342, 339, 335, 340, 
9124156, 342, 339, 335, 341, 
9124158, 342, 339, 334, 341, 
9124161, 342, 339, 334, 340, 
9124163, 342, 338, 333, 340, 
9124166, 342, 339, 333, 340, 
9124169, 342, 339, 333, 340, 
9124171, 342, 339, 333, 341, 
9124174, 342, 339, 333, 340, 
9124176, 342, 337, 334, 340, 
9124179, 342, 338, 334, 340, 
9124182, 342, 339, 335, 340, 
9124185, 342, 339, 335, 340, 
9124188, 342, 339, 335, 341, 
9124190, 343, 339, 334, 340, 
9124193, 341, 339, 333, 340, 
9124195, 342, 339, 334, 340, 
9124198, 342, 338, 334, 340, 
9124200, 342, 339, 334, 340, 
9124203, 342, 339, 335, 341, 
9124206, 342, 338, 335, 340, 
9124208, 342, 339, 336, 340, 
9124211, 342, 339, 336, 340, 
9124213, 342, 339, 336, 341, 
9124216, 342, 339, 335, 340, 
9124218, 342, 338, 335, 340, 
9124221, 342, 338, 335, 340, 
9124225, 342, 338, 335, 340, 
9124227, 342, 338, 334, 341, 
9124230, 343, 338, 334, 340, 
9124232, 342, 338, 333, 340, 
9124235, 342, 338, 333, 340, 
9124238, 343, 339, 333, 341, 
9124240, 342, 338, 333, 341, 
9124243, 341, 338, 334, 340, 
9124245, 342, 339, 334, 339, 
9124248, 341, 337, 334, 340, 
9124250, 342, 338, 334, 340, 
9124253, 342, 338, 335, 340, 
9124256, 342, 338, 335, 341, 
9124258, 341, 338, 335, 340, 
9124261, 340, 338, 336, 340, 
9124263, 341, 337, 336, 340, 
9124267, 342, 338, 336, 340, 
9124269, 341, 338, 336, 340, 
9124272, 341, 338, 337, 341, 
9124275, 341, 338, 336, 339, 
9124277, 341, 338, 335, 340, 
9124280, 343, 338, 336, 340, 
9124282, 342, 338, 335, 340, 
9124285, 342, 339, 334, 340, 
9124287, 342, 338, 334, 340, 
9124290, 341, 338, 333, 339, 
9124293, 341, 339, 334, 340, 
9124295, 341, 338, 334, 339, 
9124298, 341, 337, 336, 340, 
9124300, 341, 338, 336, 340, 
9124303, 341, 337, 336, 339, 
9124305, 341, 338, 336, 340, 
9124308, 341, 338, 335, 340, 
9124312, 341, 337, 335, 340, 
9124314, 341, 338, 335, 339, 
9124317, 341, 338, 334, 340, 
9124319, 342, 337, 334, 340, 
9124322, 342, 338, 335, 340, 
9124324, 342, 338, 335, 340, 
9124327, 342, 338, 335, 340, 
9124330, 341, 337, 335, 339, 
9124332, 341, 337, 335, 340, 
9124335, 341, 337, 336, 340, 
9124337, 341, 337, 336, 340, 
9124340, 341, 338, 335, 340, 
9124342, 342, 338, 335, 339, 
9124345, 341, 337, 336, 339, 
9124348, 341, 337, 336, 339, 
9124350, 341, 337, 336, 339, 
9124354, 341, 338, 336, 340, 
9124356, 341, 338, 336, 340, 
9124359, 340, 337, 336, 339, 
9124361, 340, 337, 336, 340, 
9124364, 340, 338, 337, 340, 
9124367, 341, 337, 337, 340, 
9124369, 341, 337, 337, 340, 
9124372, 341, 337, 336, 340, 
9124374, 341, 337, 335, 340, 
9124377, 342, 337, 334, 340, 
9124379, 341, 338, 336, 340, 
9124382, 341, 337, 333, 340, 
9124385, 341, 337, 333, 340, 
9124387, 341, 336, 334, 340, 
9124390, 342, 337, 335, 340, 
9124392, 343, 337, 335, 341, 
9124396, 342, 337, 336, 341, 
9124398, 342, 337, 335, 340, 
9124401, 343, 336, 335, 340, 
9124404, 342, 337, 335, 340, 
9124406, 343, 336, 335, 341, 
9124409, 343, 338, 336, 340, 
9124411, 343, 336, 336, 340, 
9124414, 343, 336, 336, 340, 
9124416, 343, 336, 340, 341, 
9124419, 343, 336, 337, 341, 
9124422, 343, 336, 337, 341, 
9124424, 343, 336, 337, 341, 
9124427, 343, 336, 337, 340, 
9124429, 343, 337, 336, 340, 
9124432, 342, 336, 336, 339, 
9124434, 342, 337, 335, 340, 
9124438, 343, 336, 336, 340, 
9124441, 342, 336, 336, 340, 
9124443, 340, 336, 336, 340, 
9124446, 341, 336, 338, 340, 
9124448, 341, 336, 337, 341, 
9124451, 342, 336, 338, 340, 
9124454, 341, 336, 338, 340, 
9124456, 341, 336, 337, 339, 
9124459, 341, 336, 337, 340, 
9124461, 341, 336, 336, 342, 
9124464, 342, 336, 336, 341, 
9124466, 341, 336, 336, 340, 
9124469, 340, 336, 336, 339, 
9124472, 340, 336, 337, 341, 
9124474, 342, 337, 337, 340, 
9124477, 341, 337, 337, 340, 
9124480, 341, 336, 337, 340, 
9124483, 340, 337, 336, 340, 
9124485, 340, 337, 337, 340, 
9124488, 340, 337, 336, 340, 
9124491, 340, 338, 337, 340, 
9124493, 340, 337, 336, 340, 
9124496, 340, 337, 334, 340, 
9124498, 339, 336, 335, 340, 
9124501, 339, 337, 334, 340, 
9124503, 340, 337, 335, 340, 
9124506, 339, 337, 335, 340, 
9124509, 340, 337, 335, 340, 
9124511, 339, 337, 335, 339, 
9124514, 339, 337, 337, 340, 
9124516, 339, 337, 336, 338, 
9124519, 339, 337, 336, 340, 
9124521, 339, 337, 336, 340, 
9124525, 338, 336, 335, 340, 
9124528, 339, 336, 336, 339, 
9124530, 339, 337, 336, 340, 
9124533, 339, 337, 336, 340, 
9124535, 339, 337, 336, 340, 
9124538, 339, 336, 336, 339, 
9124540, 339, 337, 336, 339, 
9124543, 339, 337, 336, 340, 
9124546, 339, 336, 335, 339, 
9124548, 339, 337, 336, 339, 
9124551, 338, 337, 336, 339, 
9124553, 338, 336, 335, 339, 
9124556, 339, 337, 336, 339, 
9124558, 338, 337, 335, 339, 
9124561, 338, 337, 336, 339, 
9124564, 339, 336, 336, 339, 
9124567, 338, 337, 336, 339, 
9124570, 339, 337, 336, 340, 
9124572, 339, 337, 336, 340, 
9124575, 340, 338, 336, 340, 
9124577, 339, 337, 336, 340, 
9124580, 338, 336, 336, 339, 
9124583, 338, 336, 337, 339, 
9124585, 339, 336, 338, 339, 
9124588, 339, 335, 337, 339, 
9124590, 339, 335, 337, 339, 
9124593, 338, 335, 336, 338, 
9124595, 338, 335, 337, 338, 
9124598, 338, 336, 337, 338, 
9124601, 337, 335, 337, 338, 
9124603, 338, 336, 337, 338, 
9124606, 339, 335, 337, 338, 
9124609, 338, 336, 336, 338, 
9124612, 339, 336, 337, 338, 
9124614, 339, 336, 337, 337, 
9124617, 340, 336, 338, 336, 
9124620, 339, 336, 337, 337, 
9124622, 339, 336, 336, 337, 
9124625, 338, 337, 336, 338, 
9124627, 338, 337, 336, 337, 
9124630, 339, 338, 335, 336, 
9124632, 338, 339, 334, 338, 
9124635, 338, 337, 332, 338, 
9124638, 337, 338, 333, 338, 
9124640, 338, 337, 332, 338, 
9124643, 338, 338, 333, 339, 
9124645, 338, 338, 333, 338, 
9124648, 338, 338, 334, 338, 
9124652, 337, 336, 335, 338, 
9124654, 338, 338, 335, 337, 
9124657, 338, 337, 335, 338, 
9124659, 338, 337, 335, 338, 
9124662, 338, 337, 336, 338, 
9124664, 338, 336, 336, 338, 
9124667, 337, 337, 337, 338, 
9124670, 338, 336, 338, 338, 
9124672, 337, 337, 339, 338, 
9124675, 337, 336, 340, 339, 
9124677, 338, 336, 339, 338, 
9124680, 337, 336, 339, 338, 
9124682, 338, 336, 339, 339, 
9124685, 339, 336, 340, 338, 
9124688, 339, 336, 340, 339, 
9124690, 338, 335, 339, 338, 
9124694, 339, 336, 339, 338, 
9124696, 341, 336, 338, 338, 
9124699, 340, 335, 338, 339, 
9124701, 340, 336, 337, 339, 
9124704, 340, 336, 335, 338, 
9124707, 340, 335, 334, 338, 
9124709, 341, 335, 334, 339, 
9124712, 341, 337, 334, 339, 
9124714, 341, 336, 334, 338, 
9124717, 341, 335, 335, 339, 
9124719, 340, 334, 336, 338, 
9124722, 340, 335, 336, 339, 
9124725, 340, 334, 337, 338, 
9124727, 340, 335, 337, 340, 
9124730, 340, 334, 338, 339, 
9124732, 341, 334, 338, 338, 
9124736, 340, 335, 340, 339, 
9124738, 340, 335, 340, 338, 
9124741, 342, 335, 341, 339, 
9124744, 340, 333, 341, 339, 
9124746, 340, 334, 340, 339, 
9124749, 339, 335, 341, 338, 
9124751, 339, 335, 341, 338, 
9124754, 339, 334, 340, 338, 
9124756, 339, 334, 343, 339, 
9124759, 339, 334, 340, 338, 
9124762, 339, 334, 340, 338, 
9124764, 339, 334, 339, 339, 
9124767, 339, 334, 339, 339, 
9124769, 338, 334, 339, 339, 
9124772, 339, 334, 338, 339, 
9124774, 338, 333, 337, 338, 
9124777, 339, 334, 337, 339, 
9124781, 337, 334, 337, 339, 
9124783, 338, 334, 336, 339, 
9124786, 337, 334, 336, 339, 
9124788, 337, 333, 336, 338, 
9124791, 337, 333, 337, 338, 
9124793, 337, 334, 338, 338, 
9124796, 337, 334, 339, 339, 
9124799, 337, 334, 339, 340, 
9124801, 337, 334, 339, 338, 
9124804, 337, 333, 338, 339, 
9124806, 337, 334, 339, 339, 
9124809, 337, 333, 338, 339, 
9124811, 336, 333, 338, 339, 
9124814, 336, 334, 338, 339, 
9124817, 336, 332, 337, 338, 
9124819, 336, 333, 338, 339, 
9124823, 336, 333, 341, 339, 
9124825, 336, 334, 340, 339, 
9124828, 336, 333, 340, 339, 
9124830, 335, 332, 341, 338, 
9124833, 335, 333, 341, 339, 
9124836, 335, 333, 342, 339, 
9124838, 335, 333, 341, 339, 
9124841, 335, 333, 341, 339, 
9124843, 335, 332, 341, 339, 
9124846, 335, 332, 341, 338, 
9124848, 335, 332, 341, 339, 
9124851, 335, 332, 340, 339, 
9124854, 335, 332, 339, 339, 
9124856, 335, 333, 340, 338, 
9124859, 334, 331, 340, 339, 
9124861, 335, 333, 342, 339, 
9124865, 334, 332, 341, 339, 
9124868, 333, 332, 342, 340, 
9124870, 333, 332, 342, 339, 
9124873, 333, 331, 341, 339, 
9124875, 333, 332, 341, 339, 
9124878, 333, 332, 340, 339, 
9124880, 334, 332, 340, 339, 
9124883, 333, 332, 341, 339, 
9124886, 332, 332, 341, 339, 
9124888, 333, 332, 341, 339, 
9124891, 333, 332, 343, 340, 
9124893, 333, 332, 343, 339, 
9124896, 333, 332, 342, 339, 
9124898, 333, 332, 342, 339, 
9124901, 332, 332, 342, 339, 
9124904, 333, 332, 342, 339, 
9124907, 332, 331, 342, 339, 
9124910, 332, 332, 342, 339, 
9124912, 332, 332, 341, 340, 
9124915, 332, 333, 340, 338, 
9124917, 332, 332, 341, 338, 
9124920, 332, 333, 341, 339, 
9124923, 332, 333, 342, 339, 
9124925, 332, 333, 341, 339, 
9124928, 331, 333, 340, 338, 
9124930, 331, 333, 341, 339, 
9124933, 329, 334, 341, 338, 
9124935, 331, 334, 343, 338, 
9124938, 330, 333, 342, 339, 
9124941, 330, 334, 342, 338, 
9124943, 330, 334, 341, 338, 
9124946, 331, 334, 340, 338, 
9124948, 331, 335, 339, 338, 
9124952, 331, 334, 339, 339, 
9124954, 331, 335, 339, 338, 
9124957, 331, 334, 339, 338, 
9124960, 331, 335, 339, 339, 
9124962, 332, 334, 339, 337, 
9124965, 331, 335, 339, 338, 
9124967, 331, 335, 339, 338, 
9124970, 329, 335, 338, 337, 
9124972, 331, 336, 339, 338, 
9124975, 330, 336, 339, 338, 
9124978, 330, 336, 338, 338, 
9124980, 330, 336, 339, 338, 
9124983, 329, 336, 338, 337, 
9124985, 329, 336, 339, 338, 
9124988, 329, 336, 339, 338, 
9124990, 330, 336, 338, 338, 
9124994, 330, 337, 339, 337, 
9124997, 329, 336, 337, 337, 
9124999, 329, 337, 337, 338, 
9125002, 330, 337, 337, 337, 
9125004, 329, 338, 337, 337, 
9125007, 329, 337, 337, 337, 
9125009, 330, 337, 338, 337, 
9125012, 329, 337, 338, 337, 
9125015, 329, 337, 338, 337, 
9125017, 329, 337, 338, 337, 
9125020, 328, 337, 337, 337, 
9125022, 328, 338, 338, 337, 
9125025, 327, 338, 337, 337, 
9125027, 327, 337, 336, 337, 
9125030, 327, 338, 335, 337, 
9125033, 328, 338, 334, 337, 
9125036, 328, 338, 334, 337, 
9125039, 328, 338, 334, 337, 
